№ Соц.Ст Фамилия Имя Отчество Шабл. Комм. LAC CellID IMSI IMEI MSISDN Возр Паспорт
1 51 Сорокин Николай Константинович 0 2 3902 769 250024713133332 357331043230120 79322332133 64 6401782454
2 52 Сорокина Нина Сергеевна 0 4 1000 10001 250203613133333 011546004957460 79022332143 60 5707436876 
3 53 Сорокин Павел Николаевич 2 2 3902 34088 250022613133343 358757056592610 79222332153 32 7892617435 
4 54 Сорокин Арсений Николаевич 1 3 2212 47845 250282513133352 355114058219150 79052332162 30 7701865398 
5 55 Сорокина Ульяна Николаевна 1 4 1000 10541 250201513133361 359092059047490 79022332171 18 6712 761893
6 51 Григорьев Давид Ильич 1 1 3907 3054 250017013133365 350890805419050 79822332175 52 4017 862557 
7 52 Григорьева Екатерина Сергеевна 1 4 1000 10111 250206013133369 356794047256290 79922332179 48 6401759245 
8 53 Григорьев Кирилл Давидович 0 1 3901 39914 250016913133372 359350038993530 79122332182 30 3752 656892 
9 54 Григорьев Лев Давидович 0 2 3902 1152 250025813133375 013883000700070 79222332184 27 4450 378254 
10 55 Григорьева Валентина Давидовна 2 4 1000 10021 250205813133377 353512002247290 79022332186 12 3270 364724
