9 9 9 9 9 9 9 9 9 6 6 6 6 6 6 6 6 6 5 9 9 9 9 9 
9 9 9 9 9 9 9 9 6 6 6 6 6 6 6 6 5 9 9 9 9 9 9 9 
5 5 5 5 5 5 5 5 9 9 9 9 9 9 9 9 9 5 5 5 5 5 5 5 
5 5 5 5 5 5 5 5 6 6 6 6 6 6 6 6 6 5 5 5 5 5 5 5 
9 9 9 9 9 9 6 6 6 6 6 6 6 6 6 6 6 6 5 9 9 9 9 9 
5 5 5 5 5 5 9 9 9 9 9 9 9 9 9 9 9 5 5 5 5 5 5 5 
6 6 6 6 6 6 9 9 9 9 9 9 9 9 9 9 9 9 5 6 6 6 6 6 
9 9 9 9 9 9 9 9 9 9 9 9 9 9 9 9 5 9 9 9 9 9 9 9 
6 6 6 6 6 6 6 6 6 6 6 6 6 6 6 6 5 6 6 6 6 6 6 6 
6 6 6 6 6 6 6 6 6 6 6 6 6 6 6 6 6 6 5 6 6 6 6 6 
6 6 6 6 6 6 6 6 6 6 6 6 6 6 6 6 5 6 6 6 6 6 6 6 
5 5 5 5 5 5 5 6 6 6 6 6 6 6 6 6 6 6 6 5 5 5 5 5 
1 1 1 1 1 1 1 1 5 9 9 9 9 9 9 9 9 9 9 5 1 1 1 1 
6 6 6 6 6 6 6 6 6 6 6 6 6 6 6 6 6 6 6 5 6 6 6 6 
1 1 1 1 1 1 6 6 6 6 6 6 6 6 6 6 6 5 1 1 1 1 1 1 
6 6 6 6 6 6 6 6 6 6 6 6 6 6 6 6 6 6 6 5 6 6 6 6 
6 6 6 6 6 6 6 6 6 6 6 6 6 6 6 6 6 6 5 6 6 6 6 6 
1 1 1 1 1 1 6 6 6 6 6 6 6 6 6 6 6 5 1 1 1 1 1 1 
6 6 6 6 6 6 9 9 9 9 9 9 9 9 9 9 9 5 6 6 6 6 6 6 
9 9 9 9 9 9 9 9 9 9 9 9 9 9 9 9 5 9 9 9 9 9 9 9 
6 6 6 6 6 6 6 6 6 6 6 6 6 6 6 6 5 6 6 6 6 6 6 6 
6 6 6 6 6 6 6 6 6 6 6 6 6 6 6 6 6 6 5 6 6 6 6 6 
1 1 1 1 1 1 5 9 9 9 9 9 9 9 9 9 9 9 5 1 1 1 1 1 
0 0 0 0 0 0 5 9 9 9 9 9 9 9 9 9 9 5 0 0 0 0 0 0 
1 1 1 1 1 1 5 9 9 9 9 9 9 9 9 9 5 1 1 1 1 1 1 1 
9 9 9 9 9 9 9 6 6 6 6 6 6 6 6 6 6 6 5 9 9 9 9 9 
9 9 9 9 9 9 9 9 9 9 9 9 9 9 9 9 9 5 9 9 9 9 9 9 
6 6 6 6 6 6 6 6 6 6 6 6 6 6 6 6 6 5 6 6 6 6 6 6 
6 6 6 6 6 6 6 6 6 6 6 6 6 6 6 6 6 6 5 6 6 6 6 6 
0 0 0 0 0 0 5 6 6 6 6 6 6 6 6 6 6 6 5 0 0 0 0 0 
9 9 9 9 9 9 9 9 9 9 9 9 9 9 9 9 9 9 5 9 9 9 9 9 
9 9 9 9 9 9 9 9 6 6 6 6 6 6 6 6 6 6 5 9 9 9 9 9 
6 6 6 6 6 6 6 6 6 6 6 6 6 6 6 6 6 6 5 6 6 6 6 6 
9 9 9 9 9 9 9 9 9 9 9 9 9 9 9 9 5 9 9 9 9 9 9 9 
5 5 5 5 5 5 6 6 6 6 6 6 6 6 6 6 6 6 6 5 5 5 5 5 
0 0 0 0 0 0 0 0 0 5 6 6 6 6 6 6 5 0 0 0 0 0 0 0 
6 6 6 6 6 6 6 6 6 6 6 6 6 6 6 6 6 6 6 5 6 6 6 6 
9 9 9 9 9 9 6 6 6 6 6 6 6 6 6 6 5 9 9 9 9 9 9 9 
9 9 9 9 9 9 9 9 9 9 9 9 9 9 9 9 5 9 9 9 9 9 9 9 
9 9 9 9 9 9 9 6 6 6 6 6 6 6 6 6 6 6 5 9 9 9 9 9 
0 0 0 0 0 0 0 5 9 9 9 9 9 9 9 9 9 5 0 0 0 0 0 0 
6 6 6 6 6 6 6 6 6 6 6 6 6 6 6 6 5 6 6 6 6 6 6 6 
5 5 5 5 5 5 9 9 9 9 9 9 9 9 9 9 9 9 9 5 5 5 5 5 
0 0 0 0 0 0 0 5 6 6 6 6 6 6 6 6 6 6 6 5 0 0 0 0 
0 0 0 0 0 0 0 0 0 5 6 6 6 6 6 6 6 5 0 0 0 0 0 0 
1 1 1 1 1 1 6 6 6 6 6 6 6 6 6 6 6 6 6 5 1 1 1 1 
9 9 9 9 9 9 9 6 6 6 6 6 6 6 6 6 5 9 9 9 9 9 9 9 
1 1 1 1 1 1 1 1 5 9 9 9 9 9 9 9 9 9 5 1 1 1 1 1 
5 5 5 5 5 5 5 5 5 6 6 6 6 6 6 6 5 5 5 5 5 5 5 5 
6 6 6 6 6 6 6 6 6 6 6 6 6 6 6 6 5 6 6 6 6 6 6 6 
5 5 5 5 5 5 5 5 6 6 6 6 6 6 6 6 6 5 5 5 5 5 5 5 
6 6 6 6 6 6 6 6 6 9 9 9 9 9 9 9 9 9 5 6 6 6 6 6 
9 9 9 9 9 9 9 9 6 6 6 6 6 6 6 6 6 6 6 5 9 9 9 9 
9 9 9 9 9 9 9 9 9 9 9 9 9 9 9 9 5 9 9 9 9 9 9 9 
5 5 5 5 5 5 6 6 6 6 6 6 6 6 6 6 6 6 6 5 5 5 5 5 
0 0 0 0 0 0 0 5 6 6 6 6 6 6 6 6 6 5 0 0 0 0 0 0 
1 1 1 1 1 1 1 6 6 6 6 6 6 6 6 6 5 1 1 1 1 1 1 1 
6 6 6 6 6 6 6 6 6 6 6 6 6 6 6 6 6 6 5 6 6 6 6 6 
9 9 9 9 9 9 9 9 9 9 9 9 9 9 9 9 9 9 5 9 9 9 9 9 
6 6 6 6 6 6 6 6 6 6 6 6 6 6 6 6 6 6 6 5 6 6 6 6 
9 9 9 9 9 9 9 9 9 6 6 6 6 6 6 6 6 6 5 9 9 9 9 9 
9 9 9 9 9 9 9 9 6 6 6 6 6 6 6 6 6 5 9 9 9 9 9 9 
6 6 6 6 6 6 6 6 6 9 9 9 9 9 9 9 5 6 6 6 6 6 6 6 
5 5 5 5 5 5 5 9 9 9 9 9 9 9 9 9 9 9 9 5 5 5 5 5 
9 9 9 9 9 9 9 9 9 9 9 9 9 9 9 9 5 9 9 9 9 9 9 9 
9 9 9 9 9 9 6 6 6 6 6 6 6 6 6 6 6 6 5 9 9 9 9 9 
5 5 5 5 5 5 5 5 6 6 6 6 6 6 6 6 6 5 5 5 5 5 5 5 
1 1 1 1 1 1 1 6 6 6 6 6 6 6 6 6 5 1 1 1 1 1 1 1 
1 1 1 1 1 1 1 1 1 6 6 6 6 6 6 6 6 5 1 1 1 1 1 1 
0 0 0 0 0 0 0 5 9 9 9 9 9 9 9 9 5 0 0 0 0 0 0 0 
9 9 9 9 9 9 9 9 9 6 6 6 6 6 6 6 6 6 6 5 9 9 9 9 
9 9 9 9 9 9 9 9 6 6 6 6 6 6 6 6 6 5 9 9 9 9 9 9 
9 9 9 9 9 9 9 9 6 6 6 6 6 6 6 6 5 9 9 9 9 9 9 9 
9 9 9 9 9 9 6 6 6 6 6 6 6 6 6 6 6 6 6 5 9 9 9 9 
5 5 5 5 5 5 5 6 6 6 6 6 6 6 6 6 6 6 6 5 5 5 5 5 
9 9 9 9 9 9 9 6 6 6 6 6 6 6 6 6 6 5 9 9 9 9 9 9 
1 1 1 1 1 1 1 1 6 6 6 6 6 6 6 6 5 1 1 1 1 1 1 1 
6 6 6 6 6 6 6 6 6 9 9 9 9 9 9 9 9 5 6 6 6 6 6 6 
0 0 0 0 0 0 0 0 0 5 6 6 6 6 6 6 6 5 0 0 0 0 0 0 
1 1 1 1 1 1 1 1 6 6 6 6 6 6 6 6 6 5 1 1 1 1 1 1 
5 5 5 5 5 5 5 5 5 6 6 6 6 6 6 6 5 5 5 5 5 5 5 5 
9 9 9 9 9 9 9 9 9 6 6 6 6 6 6 6 5 9 9 9 9 9 9 9 
1 1 1 1 1 1 1 6 6 6 6 6 6 6 6 6 6 6 5 1 1 1 1 1 
6 6 6 6 6 6 6 6 6 6 6 6 6 6 6 6 5 6 6 6 6 6 6 6 
9 9 9 9 9 9 9 9 9 6 6 6 6 6 6 6 5 9 9 9 9 9 9 9 
5 5 5 5 5 5 6 6 6 6 6 6 6 6 6 6 6 6 5 5 5 5 5 5 
9 9 9 9 9 9 6 6 6 6 6 6 6 6 6 6 6 5 9 9 9 9 9 9 
6 6 6 6 6 6 6 6 6 6 6 6 6 6 6 6 6 6 5 6 6 6 6 6 
6 6 6 6 6 6 6 6 6 6 6 6 6 6 6 6 6 5 6 6 6 6 6 6 
0 0 0 0 0 0 0 5 9 9 9 9 9 9 9 9 5 0 0 0 0 0 0 0 
6 6 6 6 6 6 6 9 9 9 9 9 9 9 9 9 5 6 6 6 6 6 6 6 
1 1 1 1 1 1 6 6 6 6 6 6 6 6 6 6 6 6 6 5 1 1 1 1 
1 1 1 1 1 1 1 1 5 9 9 9 9 9 9 9 5 1 1 1 1 1 1 1 
6 6 6 6 6 6 6 6 6 6 6 6 6 6 6 6 6 5 6 6 6 6 6 6 
6 6 6 6 6 6 6 6 6 6 6 6 6 6 6 6 6 6 6 5 6 6 6 6 
9 9 9 9 9 9 9 6 6 6 6 6 6 6 6 6 6 5 9 9 9 9 9 9 
5 5 5 5 5 5 6 6 6 6 6 6 6 6 6 6 6 6 5 5 5 5 5 5 
1 1 1 1 1 1 1 1 1 6 6 6 6 6 6 6 5 1 1 1 1 1 1 1 
1 1 1 1 1 1 1 1 6 6 6 6 6 6 6 6 6 5 1 1 1 1 1 1 
1 1 1 1 1 1 5 9 9 9 9 9 9 9 9 9 9 5 1 1 1 1 1 1 
0 0 0 0 0 0 5 6 6 6 6 6 6 6 6 6 5 0 0 0 0 0 0 0 
9 9 9 9 9 9 9 9 6 6 6 6 6 6 6 6 6 6 5 9 9 9 9 9 
5 5 5 5 5 5 5 5 5 6 6 6 6 6 6 6 6 6 6 5 5 5 5 5 
1 1 1 1 1 1 1 6 6 6 6 6 6 6 6 6 5 1 1 1 1 1 1 1 
0 0 0 0 0 0 5 9 9 9 9 9 9 9 9 9 9 9 9 5 0 0 0 0 
9 9 9 9 9 9 9 9 9 9 9 9 9 9 9 9 9 9 5 9 9 9 9 9 
1 1 1 1 1 1 1 1 1 5 9 9 9 9 9 9 9 9 9 5 1 1 1 1 
1 1 1 1 1 1 1 1 6 6 6 6 6 6 6 6 6 6 6 5 1 1 1 1 
1 1 1 1 1 1 1 6 6 6 6 6 6 6 6 6 5 1 1 1 1 1 1 1 
6 6 6 6 6 6 6 6 6 6 6 6 6 6 6 6 6 6 6 5 6 6 6 6 
9 9 9 9 9 9 9 9 9 9 9 9 9 9 9 9 9 9 5 9 9 9 9 9 
9 9 9 9 9 9 9 9 9 9 9 9 9 9 9 9 9 9 5 9 9 9 9 9 
6 6 6 6 6 6 6 6 6 6 6 6 6 6 6 6 6 5 6 6 6 6 6 6 
9 9 9 9 9 9 9 6 6 6 6 6 6 6 6 6 6 6 5 9 9 9 9 9 
6 6 6 6 6 6 6 6 6 6 6 6 6 6 6 6 5 6 6 6 6 6 6 6 
0 0 0 0 0 0 0 5 6 6 6 6 6 6 6 6 5 0 0 0 0 0 0 0 
6 6 6 6 6 6 6 6 6 6 6 6 6 6 6 6 6 5 6 6 6 6 6 6 
0 0 0 0 0 0 0 0 5 6 6 6 6 6 6 6 6 6 5 0 0 0 0 0 
9 9 9 9 9 9 9 6 6 6 6 6 6 6 6 6 6 6 6 5 9 9 9 9 
9 9 9 9 9 9 9 9 9 9 9 9 9 9 9 9 5 9 9 9 9 9 9 9 
0 0 0 0 0 0 0 5 6 6 6 6 6 6 6 6 6 6 6 5 0 0 0 0 
6 6 6 6 6 6 6 6 9 9 9 9 9 9 9 9 9 9 5 6 6 6 6 6 
1 1 1 1 1 1 1 1 1 5 9 9 9 9 9 9 5 1 1 1 1 1 1 1 
6 6 6 6 6 6 6 6 6 6 6 6 6 6 6 6 5 6 6 6 6 6 6 6 
9 9 9 9 9 9 9 9 9 9 9 9 9 9 9 9 9 9 5 9 9 9 9 9 
0 0 0 0 0 0 0 0 5 6 6 6 6 6 6 6 6 6 5 0 0 0 0 0 
9 9 9 9 9 9 9 9 9 9 9 9 9 9 9 9 9 9 9 5 9 9 9 9 
9 9 9 9 9 9 9 9 6 6 6 6 6 6 6 6 6 5 9 9 9 9 9 9 
6 6 6 6 6 6 6 6 6 6 6 6 6 6 6 6 6 5 6 6 6 6 6 6 
6 6 6 6 6 6 6 6 6 6 6 6 6 6 6 6 5 6 6 6 6 6 6 6 
0 0 0 0 0 0 0 0 5 6 6 6 6 6 6 6 6 5 0 0 0 0 0 0 
5 5 5 5 5 5 5 9 9 9 9 9 9 9 9 9 9 9 9 5 5 5 5 5 
6 6 6 6 6 6 6 6 6 6 6 6 6 6 6 6 5 6 6 6 6 6 6 6 
9 9 9 9 9 9 9 6 6 6 6 6 6 6 6 6 5 9 9 9 9 9 9 9 
1 1 1 1 1 1 1 5 9 9 9 9 9 9 9 9 5 1 1 1 1 1 1 1 
9 9 9 9 9 9 9 9 9 9 9 9 9 9 9 9 9 5 9 9 9 9 9 9 
1 1 1 1 1 1 6 6 6 6 6 6 6 6 6 6 5 1 1 1 1 1 1 1 
6 6 6 6 6 6 6 6 9 9 9 9 9 9 9 9 9 9 9 5 6 6 6 6 
5 5 5 5 5 5 5 5 9 9 9 9 9 9 9 9 9 5 5 5 5 5 5 5 
9 9 9 9 9 9 9 9 9 9 9 9 9 9 9 9 9 9 5 9 9 9 9 9 
1 1 1 1 1 1 1 6 6 6 6 6 6 6 6 6 6 5 1 1 1 1 1 1 
9 9 9 9 9 9 9 9 9 9 9 9 9 9 9 9 9 9 9 5 9 9 9 9 
9 9 9 9 9 9 9 9 6 6 6 6 6 6 6 6 5 9 9 9 9 9 9 9 
9 9 9 9 9 9 9 9 9 9 9 9 9 9 9 9 5 9 9 9 9 9 9 9 
6 6 6 6 6 6 6 6 6 6 6 6 6 6 6 6 6 6 5 6 6 6 6 6 
6 6 6 6 6 6 6 6 6 6 6 6 6 6 6 6 5 6 6 6 6 6 6 6 
9 9 9 9 9 9 9 9 9 9 9 9 9 9 9 9 9 9 9 5 9 9 9 9 
1 1 1 1 1 1 1 1 5 9 9 9 9 9 9 9 5 1 1 1 1 1 1 1 
1 1 1 1 1 1 1 1 1 6 6 6 6 6 6 6 6 6 6 5 1 1 1 1 
1 1 1 1 1 1 1 5 9 9 9 9 9 9 9 9 9 9 9 5 1 1 1 1 
5 5 5 5 5 5 5 5 5 6 6 6 6 6 6 6 6 6 6 5 5 5 5 5 
6 6 6 6 6 6 6 6 6 6 6 6 6 6 6 6 6 6 6 5 6 6 6 6 
9 9 9 9 9 9 9 9 9 9 9 9 9 9 9 9 9 9 5 9 9 9 9 9 
9 9 9 9 9 9 9 9 9 9 9 9 9 9 9 9 9 9 5 9 9 9 9 9 
9 9 9 9 9 9 9 9 9 9 9 9 9 9 9 9 5 9 9 9 9 9 9 9 
9 9 9 9 9 9 9 9 9 9 9 9 9 9 9 9 9 5 9 9 9 9 9 9 
6 6 6 6 6 6 6 6 6 9 9 9 9 9 9 9 9 9 5 6 6 6 6 6 
1 1 1 1 1 1 1 1 1 6 6 6 6 6 6 6 5 1 1 1 1 1 1 1 
6 6 6 6 6 6 6 6 6 6 6 6 6 6 6 6 5 6 6 6 6 6 6 6 
9 9 9 9 9 9 6 6 6 6 6 6 6 6 6 6 6 5 9 9 9 9 9 9 
1 1 1 1 1 1 1 1 1 6 6 6 6 6 6 6 6 5 1 1 1 1 1 1 
9 9 9 9 9 9 9 9 9 6 6 6 6 6 6 6 6 5 9 9 9 9 9 9 
1 1 1 1 1 1 6 6 6 6 6 6 6 6 6 6 6 6 6 5 1 1 1 1 
0 0 0 0 0 0 0 0 5 6 6 6 6 6 6 6 6 6 5 0 0 0 0 0 
9 9 9 9 9 9 9 6 6 6 6 6 6 6 6 6 6 5 9 9 9 9 9 9 
5 5 5 5 5 5 9 9 9 9 9 9 9 9 9 9 9 9 9 5 5 5 5 5 
6 6 6 6 6 6 6 6 6 6 6 6 6 6 6 6 6 6 6 5 6 6 6 6 
9 9 9 9 9 9 6 6 6 6 6 6 6 6 6 6 6 6 5 9 9 9 9 9 
1 1 1 1 1 1 6 6 6 6 6 6 6 6 6 6 6 5 1 1 1 1 1 1 
6 6 6 6 6 6 6 6 6 6 6 6 6 6 6 6 6 5 6 6 6 6 6 6 
0 0 0 0 0 0 0 5 9 9 9 9 9 9 9 9 5 0 0 0 0 0 0 0 
0 0 0 0 0 0 5 6 6 6 6 6 6 6 6 6 6 6 5 0 0 0 0 0 
0 0 0 0 0 0 0 0 0 5 6 6 6 6 6 6 5 0 0 0 0 0 0 0 
0 0 0 0 0 0 0 5 6 6 6 6 6 6 6 6 6 6 6 5 0 0 0 0 
6 6 6 6 6 6 6 6 6 6 6 6 6 6 6 6 5 6 6 6 6 6 6 6 
9 9 9 9 9 9 9 9 6 6 6 6 6 6 6 6 6 6 6 5 9 9 9 9 
6 6 6 6 6 6 6 6 6 6 6 6 6 6 6 6 6 5 6 6 6 6 6 6 
9 9 9 9 9 9 9 9 9 9 9 9 9 9 9 9 9 9 9 5 9 9 9 9 
0 0 0 0 0 0 5 9 9 9 9 9 9 9 9 9 9 9 9 5 0 0 0 0 
1 1 1 1 1 1 1 1 1 6 6 6 6 6 6 6 6 5 1 1 1 1 1 1 
6 6 6 6 6 6 6 6 6 6 6 6 6 6 6 6 6 6 6 5 6 6 6 6 
5 5 5 5 5 5 5 5 9 9 9 9 9 9 9 9 9 5 5 5 5 5 5 5 
9 9 9 9 9 9 9 9 6 6 6 6 6 6 6 6 6 6 6 5 9 9 9 9 
0 0 0 0 0 0 0 5 6 6 6 6 6 6 6 6 6 6 6 5 0 0 0 0 
1 1 1 1 1 1 1 6 6 6 6 6 6 6 6 6 6 6 5 1 1 1 1 1 
6 6 6 6 6 6 6 6 6 6 6 6 6 6 6 6 6 6 5 6 6 6 6 6 
5 5 5 5 5 5 5 5 5 6 6 6 6 6 6 6 6 5 5 5 5 5 5 5 
5 5 5 5 5 5 5 6 6 6 6 6 6 6 6 6 5 5 5 5 5 5 5 5 
9 9 9 9 9 9 9 6 6 6 6 6 6 6 6 6 6 6 5 9 9 9 9 9 
6 6 6 6 6 6 6 6 6 6 6 6 6 6 6 6 6 6 6 5 6 6 6 6 
9 9 9 9 9 9 9 9 6 6 6 6 6 6 6 6 6 5 9 9 9 9 9 9 
0 0 0 0 0 0 0 0 5 6 6 6 6 6 6 6 6 6 5 0 0 0 0 0 
1 1 1 1 1 1 1 1 5 9 9 9 9 9 9 9 9 9 5 1 1 1 1 1 
9 9 9 9 9 9 6 6 6 6 6 6 6 6 6 6 6 6 5 9 9 9 9 9 
0 0 0 0 0 0 0 0 5 6 6 6 6 6 6 6 6 5 0 0 0 0 0 0 
1 1 1 1 1 1 5 9 9 9 9 9 9 9 9 9 9 9 5 1 1 1 1 1 
9 9 9 9 9 9 9 9 6 6 6 6 6 6 6 6 6 6 5 9 9 9 9 9 
9 9 9 9 9 9 9 6 6 6 6 6 6 6 6 6 6 6 6 5 9 9 9 9 
6 6 6 6 6 6 6 6 6 6 6 6 6 6 6 6 6 6 5 6 6 6 6 6 
6 6 6 6 6 6 6 9 9 9 9 9 9 9 9 9 9 5 6 6 6 6 6 6 
1 1 1 1 1 1 1 6 6 6 6 6 6 6 6 6 6 6 6 5 1 1 1 1 
5 5 5 5 5 5 5 6 6 6 6 6 6 6 6 6 5 5 5 5 5 5 5 5 
6 6 6 6 6 6 6 6 6 6 6 6 6 6 6 6 5 6 6 6 6 6 6 6 
6 6 6 6 6 6 9 9 9 9 9 9 9 9 9 9 9 9 9 5 6 6 6 6 
0 0 0 0 0 0 0 5 6 6 6 6 6 6 6 6 6 6 6 5 0 0 0 0 
0 0 0 0 0 0 5 6 6 6 6 6 6 6 6 6 6 5 0 0 0 0 0 0 
6 6 6 6 6 6 9 9 9 9 9 9 9 9 9 9 5 6 6 6 6 6 6 6 
9 9 9 9 9 9 9 6 6 6 6 6 6 6 6 6 6 6 6 5 9 9 9 9 
9 9 9 9 9 9 9 9 9 6 6 6 6 6 6 6 6 5 9 9 9 9 9 9 
0 0 0 0 0 0 5 9 9 9 9 9 9 9 9 9 9 9 9 5 0 0 0 0 
1 1 1 1 1 1 1 1 1 6 6 6 6 6 6 6 5 1 1 1 1 1 1 1 
9 9 9 9 9 9 9 9 6 6 6 6 6 6 6 6 5 9 9 9 9 9 9 9 
9 9 9 9 9 9 9 9 9 6 6 6 6 6 6 6 6 6 6 5 9 9 9 9 
1 1 1 1 1 1 1 1 1 6 6 6 6 6 6 6 6 6 6 5 1 1 1 1 
1 1 1 1 1 1 1 1 6 6 6 6 6 6 6 6 6 5 1 1 1 1 1 1 
0 0 0 0 0 0 0 0 0 5 6 6 6 6 6 6 5 0 0 0 0 0 0 0 
1 1 1 1 1 1 1 1 1 5 9 9 9 9 9 9 9 9 9 5 1 1 1 1 
9 9 9 9 9 9 6 6 6 6 6 6 6 6 6 6 6 6 6 5 9 9 9 9 
9 9 9 9 9 9 6 6 6 6 6 6 6 6 6 6 6 6 6 5 9 9 9 9 
1 1 1 1 1 1 1 6 6 6 6 6 6 6 6 6 5 1 1 1 1 1 1 1 
6 6 6 6 6 6 6 6 6 6 6 6 6 6 6 6 5 6 6 6 6 6 6 6 
1 1 1 1 1 1 1 5 9 9 9 9 9 9 9 9 9 9 9 5 1 1 1 1 
6 6 6 6 6 6 6 6 6 6 6 6 6 6 6 6 5 6 6 6 6 6 6 6 
5 5 5 5 5 5 5 5 6 6 6 6 6 6 6 6 5 5 5 5 5 5 5 5 
9 9 9 9 9 9 9 9 9 9 9 9 9 9 9 9 9 5 9 9 9 9 9 9 
6 6 6 6 6 6 6 6 6 9 9 9 9 9 9 9 9 5 6 6 6 6 6 6 
9 9 9 9 9 9 9 9 6 6 6 6 6 6 6 6 6 5 9 9 9 9 9 9 
6 6 6 6 6 6 6 6 6 9 9 9 9 9 9 9 9 9 9 5 6 6 6 6 
0 0 0 0 0 0 0 0 0 5 9 9 9 9 9 9 9 5 0 0 0 0 0 0 
0 0 0 0 0 0 0 0 0 5 6 6 6 6 6 6 6 5 0 0 0 0 0 0 
6 6 6 6 6 6 9 9 9 9 9 9 9 9 9 9 9 9 5 6 6 6 6 6 
9 9 9 9 9 9 9 9 9 6 6 6 6 6 6 6 5 9 9 9 9 9 9 9 
6 6 6 6 6 6 6 6 6 6 6 6 6 6 6 6 6 6 6 5 6 6 6 6 
9 9 9 9 9 9 9 6 6 6 6 6 6 6 6 6 5 9 9 9 9 9 9 9 
9 9 9 9 9 9 6 6 6 6 6 6 6 6 6 6 5 9 9 9 9 9 9 9 
6 6 6 6 6 6 6 6 6 6 6 6 6 6 6 6 6 5 6 6 6 6 6 6 
5 5 5 5 5 5 6 6 6 6 6 6 6 6 6 6 6 6 6 5 5 5 5 5 
9 9 9 9 9 9 6 6 6 6 6 6 6 6 6 6 6 6 6 5 9 9 9 9 
1 1 1 1 1 1 1 1 1 6 6 6 6 6 6 6 6 6 5 1 1 1 1 1 
1 1 1 1 1 1 1 1 6 6 6 6 6 6 6 6 6 6 6 5 1 1 1 1 
5 5 5 5 5 5 5 5 5 9 9 9 9 9 9 9 9 9 5 5 5 5 5 5 
6 6 6 6 6 6 6 6 6 6 6 6 6 6 6 6 5 6 6 6 6 6 6 6 
5 5 5 5 5 5 5 5 5 6 6 6 6 6 6 6 6 6 5 5 5 5 5 5 
6 6 6 6 6 6 6 6 6 6 6 6 6 6 6 6 6 6 6 5 6 6 6 6 
9 9 9 9 9 9 9 9 9 9 9 9 9 9 9 9 5 9 9 9 9 9 9 9 
5 5 5 5 5 5 5 9 9 9 9 9 9 9 9 9 9 9 9 5 5 5 5 5 
9 9 9 9 9 9 9 9 9 9 9 9 9 9 9 9 5 9 9 9 9 9 9 9 
6 6 6 6 6 6 6 6 6 6 6 6 6 6 6 6 6 6 5 6 6 6 6 6 
6 6 6 6 6 6 6 6 6 6 6 6 6 6 6 6 5 6 6 6 6 6 6 6 
9 9 9 9 9 9 9 6 6 6 6 6 6 6 6 6 6 6 5 9 9 9 9 9 
6 6 6 6 6 6 6 6 9 9 9 9 9 9 9 9 9 9 9 5 6 6 6 6 
9 9 9 9 9 9 9 9 9 6 6 6 6 6 6 6 5 9 9 9 9 9 9 9 
6 6 6 6 6 6 6 6 6 6 6 6 6 6 6 6 6 6 6 5 6 6 6 6 
6 6 6 6 6 6 6 6 6 6 6 6 6 6 6 6 5 6 6 6 6 6 6 6 
6 6 6 6 6 6 6 6 6 6 6 6 6 6 6 6 5 6 6 6 6 6 6 6 
9 9 9 9 9 9 9 9 9 6 6 6 6 6 6 6 5 9 9 9 9 9 9 9 
0 0 0 0 0 0 0 0 0 5 6 6 6 6 6 6 5 0 0 0 0 0 0 0 
6 6 6 6 6 6 6 6 9 9 9 9 9 9 9 9 5 6 6 6 6 6 6 6 
5 5 5 5 5 5 5 5 9 9 9 9 9 9 9 9 9 5 5 5 5 5 5 5 
9 9 9 9 9 9 9 9 9 6 6 6 6 6 6 6 6 5 9 9 9 9 9 9 
5 5 5 5 5 5 5 9 9 9 9 9 9 9 9 9 9 5 5 5 5 5 5 5 
9 9 9 9 9 9 9 6 6 6 6 6 6 6 6 6 6 6 6 5 9 9 9 9 
9 9 9 9 9 9 9 6 6 6 6 6 6 6 6 6 6 6 6 5 9 9 9 9 
1 1 1 1 1 1 1 1 6 6 6 6 6 6 6 6 6 5 1 1 1 1 1 1 
6 6 6 6 6 6 6 6 9 9 9 9 9 9 9 9 9 9 9 5 6 6 6 6 
9 9 9 9 9 9 9 9 9 6 6 6 6 6 6 6 6 5 9 9 9 9 9 9 
9 9 9 9 9 9 9 9 9 6 6 6 6 6 6 6 6 6 5 9 9 9 9 9 
5 5 5 5 5 5 9 9 9 9 9 9 9 9 9 9 9 5 5 5 5 5 5 5 
9 9 9 9 9 9 9 6 6 6 6 6 6 6 6 6 5 9 9 9 9 9 9 9 
9 9 9 9 9 9 9 6 6 6 6 6 6 6 6 6 6 6 6 5 9 9 9 9 
9 9 9 9 9 9 9 9 9 6 6 6 6 6 6 6 5 9 9 9 9 9 9 9 
6 6 6 6 6 6 6 6 6 6 6 6 6 6 6 6 6 5 6 6 6 6 6 6 
6 6 6 6 6 6 6 6 6 6 6 6 6 6 6 6 6 6 6 5 6 6 6 6 
9 9 9 9 9 9 9 9 9 9 9 9 9 9 9 9 9 9 5 9 9 9 9 9 
9 9 9 9 9 9 9 9 9 9 9 9 9 9 9 9 9 5 9 9 9 9 9 9 
9 9 9 9 9 9 9 9 9 9 9 9 9 9 9 9 5 9 9 9 9 9 9 9 
9 9 9 9 9 9 9 9 9 9 9 9 9 9 9 9 9 9 9 5 9 9 9 9 
6 6 6 6 6 6 9 9 9 9 9 9 9 9 9 9 5 6 6 6 6 6 6 6 
0 0 0 0 0 0 0 5 6 6 6 6 6 6 6 6 6 6 6 5 0 0 0 0 
0 0 0 0 0 0 0 5 6 6 6 6 6 6 6 6 6 5 0 0 0 0 0 0 
9 9 9 9 9 9 9 6 6 6 6 6 6 6 6 6 6 6 6 5 9 9 9 9 
6 6 6 6 6 6 6 6 6 6 6 6 6 6 6 6 6 5 6 6 6 6 6 6 
5 5 5 5 5 5 5 6 6 6 6 6 6 6 6 6 6 6 6 5 5 5 5 5 
5 5 5 5 5 5 5 5 6 6 6 6 6 6 6 6 6 6 5 5 5 5 5 5 
5 5 5 5 5 5 6 6 6 6 6 6 6 6 6 6 6 6 5 5 5 5 5 5 
6 6 6 6 6 6 6 6 9 9 9 9 9 9 9 9 9 9 5 6 6 6 6 6 
9 9 9 9 9 9 6 6 6 6 6 6 6 6 6 6 6 5 9 9 9 9 9 9 
6 6 6 6 6 6 6 9 9 9 9 9 9 9 9 9 5 6 6 6 6 6 6 6 
0 0 0 0 0 0 0 5 6 6 6 6 6 6 6 6 5 0 0 0 0 0 0 0 
9 9 9 9 9 9 9 9 9 6 6 6 6 6 6 6 6 5 9 9 9 9 9 9 
5 5 5 5 5 5 6 6 6 6 6 6 6 6 6 6 6 6 6 5 5 5 5 5 
1 1 1 1 1 1 5 9 9 9 9 9 9 9 9 9 5 1 1 1 1 1 1 1 
6 6 6 6 6 6 6 6 6 6 6 6 6 6 6 6 6 6 5 6 6 6 6 6 
9 9 9 9 9 9 9 6 6 6 6 6 6 6 6 6 6 6 5 9 9 9 9 9 
6 6 6 6 6 6 6 6 6 6 6 6 6 6 6 6 6 5 6 6 6 6 6 6 
9 9 9 9 9 9 9 9 9 6 6 6 6 6 6 6 6 6 5 9 9 9 9 9 
6 6 6 6 6 6 6 6 6 6 6 6 6 6 6 6 6 5 6 6 6 6 6 6 
9 9 9 9 9 9 9 9 6 6 6 6 6 6 6 6 6 6 6 5 9 9 9 9 
9 9 9 9 9 9 9 9 6 6 6 6 6 6 6 6 6 5 9 9 9 9 9 9 
9 9 9 9 9 9 9 9 9 6 6 6 6 6 6 6 6 5 9 9 9 9 9 9 
6 6 6 6 6 6 6 6 6 6 6 6 6 6 6 6 6 6 5 6 6 6 6 6 
6 6 6 6 6 6 6 6 6 6 6 6 6 6 6 6 6 6 6 5 6 6 6 6 
5 5 5 5 5 5 6 6 6 6 6 6 6 6 6 6 6 6 6 5 5 5 5 5 
1 1 1 1 1 1 1 6 6 6 6 6 6 6 6 6 5 1 1 1 1 1 1 1 
9 9 9 9 9 9 9 9 9 6 6 6 6 6 6 6 6 6 5 9 9 9 9 9 
6 6 6 6 6 6 6 6 6 6 6 6 6 6 6 6 6 5 6 6 6 6 6 6 
6 6 6 6 6 6 6 6 6 6 6 6 6 6 6 6 6 5 6 6 6 6 6 6 
0 0 0 0 0 0 5 6 6 6 6 6 6 6 6 6 6 5 0 0 0 0 0 0 
5 5 5 5 5 5 5 5 5 6 6 6 6 6 6 6 6 6 5 5 5 5 5 5 
6 6 6 6 6 6 6 6 6 6 6 6 6 6 6 6 6 6 5 6 6 6 6 6 
9 9 9 9 9 9 9 6 6 6 6 6 6 6 6 6 5 9 9 9 9 9 9 9 
9 9 9 9 9 9 9 9 9 9 9 9 9 9 9 9 9 5 9 9 9 9 9 9 
5 5 5 5 5 5 5 5 9 9 9 9 9 9 9 9 9 9 9 5 5 5 5 5 
9 9 9 9 9 9 9 9 9 9 9 9 9 9 9 9 9 5 9 9 9 9 9 9 
6 6 6 6 6 6 6 6 6 6 6 6 6 6 6 6 5 6 6 6 6 6 6 6 
6 6 6 6 6 6 6 6 6 6 6 6 6 6 6 6 6 5 6 6 6 6 6 6 
6 6 6 6 6 6 6 6 9 9 9 9 9 9 9 9 9 9 9 5 6 6 6 6 
6 6 6 6 6 6 6 6 6 6 6 6 6 6 6 6 6 5 6 6 6 6 6 6 
9 9 9 9 9 9 9 9 6 6 6 6 6 6 6 6 6 6 6 5 9 9 9 9 
9 9 9 9 9 9 6 6 6 6 6 6 6 6 6 6 6 5 9 9 9 9 9 9 
6 6 6 6 6 6 9 9 9 9 9 9 9 9 9 9 9 5 6 6 6 6 6 6 
9 9 9 9 9 9 6 6 6 6 6 6 6 6 6 6 6 6 6 5 9 9 9 9 
9 9 9 9 9 9 9 9 6 6 6 6 6 6 6 6 6 5 9 9 9 9 9 9 
0 0 0 0 0 0 0 0 5 9 9 9 9 9 9 9 5 0 0 0 0 0 0 0 
5 5 5 5 5 5 6 6 6 6 6 6 6 6 6 6 5 5 5 5 5 5 5 5 
9 9 9 9 9 9 9 6 6 6 6 6 6 6 6 6 6 6 5 9 9 9 9 9 
1 1 1 1 1 1 1 1 1 5 9 9 9 9 9 9 5 1 1 1 1 1 1 1 
9 9 9 9 9 9 6 6 6 6 6 6 6 6 6 6 6 5 9 9 9 9 9 9 
6 6 6 6 6 6 9 9 9 9 9 9 9 9 9 9 9 9 9 5 6 6 6 6 
6 6 6 6 6 6 6 6 6 6 6 6 6 6 6 6 6 5 6 6 6 6 6 6 
9 9 9 9 9 9 9 9 9 6 6 6 6 6 6 6 6 5 9 9 9 9 9 9 
9 9 9 9 9 9 9 9 9 9 9 9 9 9 9 9 9 9 5 9 9 9 9 9 
1 1 1 1 1 1 6 6 6 6 6 6 6 6 6 6 6 5 1 1 1 1 1 1 
6 6 6 6 6 6 6 6 6 6 6 6 6 6 6 6 6 5 6 6 6 6 6 6 
5 5 5 5 5 5 5 5 9 9 9 9 9 9 9 9 5 5 5 5 5 5 5 5 
9 9 9 9 9 9 9 6 6 6 6 6 6 6 6 6 5 9 9 9 9 9 9 9 
0 0 0 0 0 0 0 0 5 6 6 6 6 6 6 6 6 6 5 0 0 0 0 0 
0 0 0 0 0 0 0 0 5 6 6 6 6 6 6 6 6 5 0 0 0 0 0 0 
1 1 1 1 1 1 1 5 9 9 9 9 9 9 9 9 9 9 5 1 1 1 1 1 
5 5 5 5 5 5 5 5 9 9 9 9 9 9 9 9 5 5 5 5 5 5 5 5 
6 6 6 6 6 6 6 6 6 6 6 6 6 6 6 6 6 6 5 6 6 6 6 6 
9 9 9 9 9 9 9 6 6 6 6 6 6 6 6 6 5 9 9 9 9 9 9 9 
9 9 9 9 9 9 9 6 6 6 6 6 6 6 6 6 6 6 5 9 9 9 9 9 
1 1 1 1 1 1 6 6 6 6 6 6 6 6 6 6 6 6 5 1 1 1 1 1 
9 9 9 9 9 9 9 9 9 9 9 9 9 9 9 9 5 9 9 9 9 9 9 9 
0 0 0 0 0 0 0 0 0 5 6 6 6 6 6 6 6 6 6 5 0 0 0 0 
5 5 5 5 5 5 5 5 5 6 6 6 6 6 6 6 6 6 6 5 5 5 5 5 
5 5 5 5 5 5 5 5 5 9 9 9 9 9 9 9 5 5 5 5 5 5 5 5 
9 9 9 9 9 9 9 6 6 6 6 6 6 6 6 6 5 9 9 9 9 9 9 9 
9 9 9 9 9 9 9 9 9 9 9 9 9 9 9 9 9 5 9 9 9 9 9 9 
5 5 5 5 5 5 6 6 6 6 6 6 6 6 6 6 6 6 5 5 5 5 5 5 
6 6 6 6 6 6 6 6 6 6 6 6 6 6 6 6 5 6 6 6 6 6 6 6 
6 6 6 6 6 6 6 6 6 9 9 9 9 9 9 9 9 9 9 5 6 6 6 6 
0 0 0 0 0 0 0 0 0 5 9 9 9 9 9 9 9 5 0 0 0 0 0 0 
9 9 9 9 9 9 9 9 6 6 6 6 6 6 6 6 6 5 9 9 9 9 9 9 
9 9 9 9 9 9 9 9 9 9 9 9 9 9 9 9 9 5 9 9 9 9 9 9 
6 6 6 6 6 6 6 6 6 6 6 6 6 6 6 6 6 6 5 6 6 6 6 6 
0 0 0 0 0 0 0 0 0 5 9 9 9 9 9 9 5 0 0 0 0 0 0 0 
9 9 9 9 9 9 9 9 9 9 9 9 9 9 9 9 5 9 9 9 9 9 9 9 
9 9 9 9 9 9 9 9 9 9 9 9 9 9 9 9 5 9 9 9 9 9 9 9 
9 9 9 9 9 9 9 9 6 6 6 6 6 6 6 6 6 6 6 5 9 9 9 9 
9 9 9 9 9 9 9 9 6 6 6 6 6 6 6 6 6 5 9 9 9 9 9 9 
6 6 6 6 6 6 6 6 6 6 6 6 6 6 6 6 6 6 5 6 6 6 6 6 
5 5 5 5 5 5 6 6 6 6 6 6 6 6 6 6 5 5 5 5 5 5 5 5 
1 1 1 1 1 1 6 6 6 6 6 6 6 6 6 6 6 5 1 1 1 1 1 1 
5 5 5 5 5 5 5 9 9 9 9 9 9 9 9 9 9 9 9 5 5 5 5 5 
0 0 0 0 0 0 0 5 6 6 6 6 6 6 6 6 6 5 0 0 0 0 0 0 
5 5 5 5 5 5 5 6 6 6 6 6 6 6 6 6 6 5 5 5 5 5 5 5 
6 6 6 6 6 6 6 6 6 6 6 6 6 6 6 6 6 6 5 6 6 6 6 6 
6 6 6 6 6 6 6 6 6 6 6 6 6 6 6 6 6 6 6 5 6 6 6 6 
1 1 1 1 1 1 1 5 9 9 9 9 9 9 9 9 5 1 1 1 1 1 1 1 
6 6 6 6 6 6 6 6 6 6 6 6 6 6 6 6 6 6 6 5 6 6 6 6 
5 5 5 5 5 5 5 9 9 9 9 9 9 9 9 9 5 5 5 5 5 5 5 5 
9 9 9 9 9 9 9 9 9 6 6 6 6 6 6 6 5 9 9 9 9 9 9 9 
0 0 0 0 0 0 0 0 5 6 6 6 6 6 6 6 5 0 0 0 0 0 0 0 
0 0 0 0 0 0 0 0 5 6 6 6 6 6 6 6 5 0 0 0 0 0 0 0 
6 6 6 6 6 6 6 6 9 9 9 9 9 9 9 9 9 9 5 6 6 6 6 6 
1 1 1 1 1 1 6 6 6 6 6 6 6 6 6 6 6 5 1 1 1 1 1 1 
6 6 6 6 6 6 6 9 9 9 9 9 9 9 9 9 9 9 5 6 6 6 6 6 
6 6 6 6 6 6 9 9 9 9 9 9 9 9 9 9 9 5 6 6 6 6 6 6 
1 1 1 1 1 1 1 5 9 9 9 9 9 9 9 9 9 9 9 5 1 1 1 1 
5 5 5 5 5 5 6 6 6 6 6 6 6 6 6 6 6 6 5 5 5 5 5 5 
1 1 1 1 1 1 1 1 1 6 6 6 6 6 6 6 6 6 5 1 1 1 1 1 
6 6 6 6 6 6 6 6 6 6 6 6 6 6 6 6 6 6 6 5 6 6 6 6 
0 0 0 0 0 0 5 6 6 6 6 6 6 6 6 6 6 6 6 5 0 0 0 0 
0 0 0 0 0 0 0 0 5 9 9 9 9 9 9 9 9 5 0 0 0 0 0 0 
1 1 1 1 1 1 1 1 6 6 6 6 6 6 6 6 6 5 1 1 1 1 1 1 
9 9 9 9 9 9 9 6 6 6 6 6 6 6 6 6 6 6 6 5 9 9 9 9 
9 9 9 9 9 9 9 9 9 9 9 9 9 9 9 9 9 9 5 9 9 9 9 9 
6 6 6 6 6 6 6 9 9 9 9 9 9 9 9 9 9 9 5 6 6 6 6 6 
5 5 5 5 5 5 5 5 6 6 6 6 6 6 6 6 6 6 5 5 5 5 5 5 
0 0 0 0 0 0 0 5 6 6 6 6 6 6 6 6 6 5 0 0 0 0 0 0 
6 6 6 6 6 6 6 6 6 6 6 6 6 6 6 6 6 6 6 5 6 6 6 6 
6 6 6 6 6 6 9 9 9 9 9 9 9 9 9 9 9 9 5 6 6 6 6 6 
6 6 6 6 6 6 6 6 6 6 6 6 6 6 6 6 6 6 6 5 6 6 6 6 
9 9 9 9 9 9 9 9 9 6 6 6 6 6 6 6 6 6 6 5 9 9 9 9 
0 0 0 0 0 0 5 6 6 6 6 6 6 6 6 6 6 6 5 0 0 0 0 0 
5 5 5 5 5 5 5 5 9 9 9 9 9 9 9 9 9 9 9 5 5 5 5 5 
9 9 9 9 9 9 9 6 6 6 6 6 6 6 6 6 5 9 9 9 9 9 9 9 
5 5 5 5 5 5 5 5 5 6 6 6 6 6 6 6 6 6 5 5 5 5 5 5 
0 0 0 0 0 0 5 6 6 6 6 6 6 6 6 6 5 0 0 0 0 0 0 0 
9 9 9 9 9 9 9 9 9 9 9 9 9 9 9 9 9 5 9 9 9 9 9 9 
1 1 1 1 1 1 1 1 6 6 6 6 6 6 6 6 5 1 1 1 1 1 1 1 
5 5 5 5 5 5 5 5 6 6 6 6 6 6 6 6 6 6 6 5 5 5 5 5 
1 1 1 1 1 1 1 1 1 6 6 6 6 6 6 6 6 6 5 1 1 1 1 1 
0 0 0 0 0 0 0 0 5 6 6 6 6 6 6 6 6 5 0 0 0 0 0 0 
5 5 5 5 5 5 6 6 6 6 6 6 6 6 6 6 5 5 5 5 5 5 5 5 
9 9 9 9 9 9 9 9 6 6 6 6 6 6 6 6 6 6 6 5 9 9 9 9 
1 1 1 1 1 1 1 1 6 6 6 6 6 6 6 6 6 5 1 1 1 1 1 1 
6 6 6 6 6 6 6 6 6 6 6 6 6 6 6 6 5 6 6 6 6 6 6 6 
9 9 9 9 9 9 6 6 6 6 6 6 6 6 6 6 6 6 5 9 9 9 9 9 
9 9 9 9 9 9 9 9 9 6 6 6 6 6 6 6 6 6 6 5 9 9 9 9 
0 0 0 0 0 0 0 5 6 6 6 6 6 6 6 6 6 6 5 0 0 0 0 0 
1 1 1 1 1 1 1 1 6 6 6 6 6 6 6 6 5 1 1 1 1 1 1 1 
1 1 1 1 1 1 6 6 6 6 6 6 6 6 6 6 6 6 6 5 1 1 1 1 
1 1 1 1 1 1 1 1 1 6 6 6 6 6 6 6 6 6 6 5 1 1 1 1 
1 1 1 1 1 1 1 1 5 9 9 9 9 9 9 9 9 9 9 5 1 1 1 1 
5 5 5 5 5 5 5 5 5 6 6 6 6 6 6 6 6 6 5 5 5 5 5 5 
6 6 6 6 6 6 6 6 6 6 6 6 6 6 6 6 6 6 6 5 6 6 6 6 
0 0 0 0 0 0 0 0 5 6 6 6 6 6 6 6 6 5 0 0 0 0 0 0 
9 9 9 9 9 9 9 9 9 9 9 9 9 9 9 9 9 9 9 5 9 9 9 9 
0 0 0 0 0 0 0 5 9 9 9 9 9 9 9 9 9 5 0 0 0 0 0 0 
6 6 6 6 6 6 6 6 6 6 6 6 6 6 6 6 5 6 6 6 6 6 6 6 
9 9 9 9 9 9 9 9 9 9 9 9 9 9 9 9 9 9 9 5 9 9 9 9 
1 1 1 1 1 1 1 5 9 9 9 9 9 9 9 9 9 5 1 1 1 1 1 1 
0 0 0 0 0 0 0 0 0 5 9 9 9 9 9 9 5 0 0 0 0 0 0 0 
9 9 9 9 9 9 9 9 9 9 9 9 9 9 9 9 9 9 5 9 9 9 9 9 
5 5 5 5 5 5 5 5 6 6 6 6 6 6 6 6 6 6 6 5 5 5 5 5 
0 0 0 0 0 0 0 5 9 9 9 9 9 9 9 9 5 0 0 0 0 0 0 0 
6 6 6 6 6 6 6 6 6 6 6 6 6 6 6 6 6 6 6 5 6 6 6 6 
6 6 6 6 6 6 6 6 6 6 6 6 6 6 6 6 6 6 6 5 6 6 6 6 
9 9 9 9 9 9 9 9 9 9 9 9 9 9 9 9 9 5 9 9 9 9 9 9 
5 5 5 5 5 5 5 5 5 9 9 9 9 9 9 9 9 9 9 5 5 5 5 5 
6 6 6 6 6 6 6 6 6 6 6 6 6 6 6 6 5 6 6 6 6 6 6 6 
9 9 9 9 9 9 9 9 9 9 9 9 9 9 9 9 5 9 9 9 9 9 9 9 
6 6 6 6 6 6 6 6 6 6 6 6 6 6 6 6 6 5 6 6 6 6 6 6 
5 5 5 5 5 5 5 5 5 6 6 6 6 6 6 6 6 5 5 5 5 5 5 5 
5 5 5 5 5 5 5 5 9 9 9 9 9 9 9 9 9 9 9 5 5 5 5 5 
6 6 6 6 6 6 6 6 6 9 9 9 9 9 9 9 9 5 6 6 6 6 6 6 
5 5 5 5 5 5 5 5 5 6 6 6 6 6 6 6 6 6 6 5 5 5 5 5 
6 6 6 6 6 6 6 6 6 6 6 6 6 6 6 6 6 5 6 6 6 6 6 6 
6 6 6 6 6 6 6 6 6 6 6 6 6 6 6 6 6 5 6 6 6 6 6 6 
0 0 0 0 0 0 0 5 6 6 6 6 6 6 6 6 6 6 6 5 0 0 0 0 
5 5 5 5 5 5 5 5 5 6 6 6 6 6 6 6 6 5 5 5 5 5 5 5 
5 5 5 5 5 5 5 5 5 9 9 9 9 9 9 9 9 9 9 5 5 5 5 5 
9 9 9 9 9 9 9 9 9 9 9 9 9 9 9 9 9 9 9 5 9 9 9 9 
9 9 9 9 9 9 9 6 6 6 6 6 6 6 6 6 6 5 9 9 9 9 9 9 
1 1 1 1 1 1 1 1 6 6 6 6 6 6 6 6 6 5 1 1 1 1 1 1 
6 6 6 6 6 6 6 6 6 6 6 6 6 6 6 6 5 6 6 6 6 6 6 6 
9 9 9 9 9 9 6 6 6 6 6 6 6 6 6 6 6 6 6 5 9 9 9 9 
9 9 9 9 9 9 9 9 6 6 6 6 6 6 6 6 6 5 9 9 9 9 9 9 
6 6 6 6 6 6 6 6 6 6 6 6 6 6 6 6 6 5 6 6 6 6 6 6 
6 6 6 6 6 6 6 6 6 6 6 6 6 6 6 6 6 5 6 6 6 6 6 6 
5 5 5 5 5 5 5 5 6 6 6 6 6 6 6 6 6 5 5 5 5 5 5 5 
6 6 6 6 6 6 9 9 9 9 9 9 9 9 9 9 9 9 9 5 6 6 6 6 
0 0 0 0 0 0 0 0 5 6 6 6 6 6 6 6 6 5 0 0 0 0 0 0 
9 9 9 9 9 9 9 9 9 9 9 9 9 9 9 9 9 9 9 5 9 9 9 9 
6 6 6 6 6 6 6 6 9 9 9 9 9 9 9 9 9 9 9 5 6 6 6 6 
6 6 6 6 6 6 6 6 6 6 6 6 6 6 6 6 6 6 5 6 6 6 6 6 
0 0 0 0 0 0 0 0 5 6 6 6 6 6 6 6 6 5 0 0 0 0 0 0 
5 5 5 5 5 5 5 5 5 9 9 9 9 9 9 9 9 9 9 5 5 5 5 5 
0 0 0 0 0 0 0 0 0 5 6 6 6 6 6 6 6 5 0 0 0 0 0 0 
0 0 0 0 0 0 0 0 0 5 6 6 6 6 6 6 6 6 6 5 0 0 0 0 
5 5 5 5 5 5 9 9 9 9 9 9 9 9 9 9 9 5 5 5 5 5 5 5 
6 6 6 6 6 6 6 6 6 6 6 6 6 6 6 6 6 6 5 6 6 6 6 6 
0 0 0 0 0 0 5 9 9 9 9 9 9 9 9 9 5 0 0 0 0 0 0 0 
9 9 9 9 9 9 9 9 9 6 6 6 6 6 6 6 6 5 9 9 9 9 9 9 
9 9 9 9 9 9 9 9 6 6 6 6 6 6 6 6 6 6 6 5 9 9 9 9 
9 9 9 9 9 9 9 9 9 6 6 6 6 6 6 6 6 6 5 9 9 9 9 9 
9 9 9 9 9 9 9 9 9 6 6 6 6 6 6 6 6 5 9 9 9 9 9 9 
0 0 0 0 0 0 0 0 0 5 9 9 9 9 9 9 9 9 5 0 0 0 0 0 
6 6 6 6 6 6 6 6 6 6 6 6 6 6 6 6 5 6 6 6 6 6 6 6 
0 0 0 0 0 0 5 9 9 9 9 9 9 9 9 9 9 9 5 0 0 0 0 0 
6 6 6 6 6 6 6 9 9 9 9 9 9 9 9 9 9 9 5 6 6 6 6 6 
9 9 9 9 9 9 9 9 9 9 9 9 9 9 9 9 9 9 5 9 9 9 9 9 
1 1 1 1 1 1 6 6 6 6 6 6 6 6 6 6 6 5 1 1 1 1 1 1 
5 5 5 5 5 5 5 5 6 6 6 6 6 6 6 6 6 5 5 5 5 5 5 5 
6 6 6 6 6 6 9 9 9 9 9 9 9 9 9 9 9 9 9 5 6 6 6 6 
9 9 9 9 9 9 6 6 6 6 6 6 6 6 6 6 6 6 6 5 9 9 9 9 
6 6 6 6 6 6 6 6 6 6 6 6 6 6 6 6 6 6 6 5 6 6 6 6 
9 9 9 9 9 9 9 6 6 6 6 6 6 6 6 6 6 6 5 9 9 9 9 9 
5 5 5 5 5 5 5 5 6 6 6 6 6 6 6 6 6 6 5 5 5 5 5 5 
9 9 9 9 9 9 9 6 6 6 6 6 6 6 6 6 6 5 9 9 9 9 9 9 
6 6 6 6 6 6 6 6 6 9 9 9 9 9 9 9 9 9 5 6 6 6 6 6 
1 1 1 1 1 1 1 1 1 6 6 6 6 6 6 6 5 1 1 1 1 1 1 1 
5 5 5 5 5 5 5 5 5 6 6 6 6 6 6 6 6 6 6 5 5 5 5 5 
9 9 9 9 9 9 9 6 6 6 6 6 6 6 6 6 6 6 6 5 9 9 9 9 
0 0 0 0 0 0 5 9 9 9 9 9 9 9 9 9 9 5 0 0 0 0 0 0 
9 9 9 9 9 9 9 6 6 6 6 6 6 6 6 6 6 6 6 5 9 9 9 9 
6 6 6 6 6 6 6 6 6 6 6 6 6 6 6 6 6 6 6 5 6 6 6 6 
6 6 6 6 6 6 6 6 9 9 9 9 9 9 9 9 9 9 9 5 6 6 6 6 
6 6 6 6 6 6 6 6 6 6 6 6 6 6 6 6 6 6 6 5 6 6 6 6 
1 1 1 1 1 1 1 1 1 5 9 9 9 9 9 9 9 9 9 5 1 1 1 1 
5 5 5 5 5 5 5 5 5 6 6 6 6 6 6 6 6 6 6 5 5 5 5 5 
5 5 5 5 5 5 5 5 9 9 9 9 9 9 9 9 9 5 5 5 5 5 5 5 
9 9 9 9 9 9 9 9 9 9 9 9 9 9 9 9 9 9 5 9 9 9 9 9 
6 6 6 6 6 6 6 6 6 6 6 6 6 6 6 6 6 6 6 5 6 6 6 6 
9 9 9 9 9 9 9 9 9 6 6 6 6 6 6 6 6 5 9 9 9 9 9 9 
5 5 5 5 5 5 5 5 5 9 9 9 9 9 9 9 9 9 9 5 5 5 5 5 
5 5 5 5 5 5 5 5 9 9 9 9 9 9 9 9 9 9 9 5 5 5 5 5 
6 6 6 6 6 6 6 6 6 6 6 6 6 6 6 6 6 6 6 5 6 6 6 6 
9 9 9 9 9 9 9 9 9 9 9 9 9 9 9 9 9 5 9 9 9 9 9 9 
6 6 6 6 6 6 6 6 6 6 6 6 6 6 6 6 6 5 6 6 6 6 6 6 
6 6 6 6 6 6 6 6 6 6 6 6 6 6 6 6 6 6 5 6 6 6 6 6 
6 6 6 6 6 6 6 6 6 6 6 6 6 6 6 6 5 6 6 6 6 6 6 6 
9 9 9 9 9 9 9 9 9 6 6 6 6 6 6 6 6 5 9 9 9 9 9 9 
6 6 6 6 6 6 9 9 9 9 9 9 9 9 9 9 9 5 6 6 6 6 6 6 
9 9 9 9 9 9 9 6 6 6 6 6 6 6 6 6 6 6 5 9 9 9 9 9 
9 9 9 9 9 9 9 9 6 6 6 6 6 6 6 6 6 6 6 5 9 9 9 9 
9 9 9 9 9 9 6 6 6 6 6 6 6 6 6 6 5 9 9 9 9 9 9 9 
5 5 5 5 5 5 5 5 5 6 6 6 6 6 6 6 6 6 6 5 5 5 5 5 
6 6 6 6 6 6 6 6 6 6 6 6 6 6 6 6 6 6 5 6 6 6 6 6 
9 9 9 9 9 9 9 9 6 6 6 6 6 6 6 6 6 5 9 9 9 9 9 9 
0 0 0 0 0 0 0 0 5 9 9 9 9 9 9 9 9 5 0 0 0 0 0 0 
5 5 5 5 5 5 5 5 6 6 6 6 6 6 6 6 6 5 5 5 5 5 5 5 
9 9 9 9 9 9 9 9 9 6 6 6 6 6 6 6 5 9 9 9 9 9 9 9 
5 5 5 5 5 5 5 9 9 9 9 9 9 9 9 9 5 5 5 5 5 5 5 5 
9 9 9 9 9 9 9 9 6 6 6 6 6 6 6 6 6 5 9 9 9 9 9 9 
9 9 9 9 9 9 9 9 6 6 6 6 6 6 6 6 5 9 9 9 9 9 9 9 
6 6 6 6 6 6 6 6 6 6 6 6 6 6 6 6 6 5 6 6 6 6 6 6 
6 6 6 6 6 6 9 9 9 9 9 9 9 9 9 9 9 9 9 5 6 6 6 6 
1 1 1 1 1 1 1 6 6 6 6 6 6 6 6 6 5 1 1 1 1 1 1 1 
0 0 0 0 0 0 0 5 6 6 6 6 6 6 6 6 5 0 0 0 0 0 0 0 
5 5 5 5 5 5 5 5 6 6 6 6 6 6 6 6 6 6 5 5 5 5 5 5 
6 6 6 6 6 6 6 6 6 9 9 9 9 9 9 9 5 6 6 6 6 6 6 6 
6 6 6 6 6 6 6 6 6 6 6 6 6 6 6 6 6 6 6 5 6 6 6 6 
0 0 0 0 0 0 0 0 5 9 9 9 9 9 9 9 9 9 9 5 0 0 0 0 
9 9 9 9 9 9 9 9 9 9 9 9 9 9 9 9 5 9 9 9 9 9 9 9 
9 9 9 9 9 9 9 9 9 9 9 9 9 9 9 9 9 5 9 9 9 9 9 9 
0 0 0 0 0 0 0 0 0 5 6 6 6 6 6 6 6 6 6 5 0 0 0 0 
9 9 9 9 9 9 6 6 6 6 6 6 6 6 6 6 6 6 5 9 9 9 9 9 
9 9 9 9 9 9 9 9 6 6 6 6 6 6 6 6 6 6 6 5 9 9 9 9 
6 6 6 6 6 6 6 6 6 6 6 6 6 6 6 6 6 5 6 6 6 6 6 6 
1 1 1 1 1 1 1 6 6 6 6 6 6 6 6 6 6 6 5 1 1 1 1 1 
9 9 9 9 9 9 9 9 6 6 6 6 6 6 6 6 6 5 9 9 9 9 9 9 
5 5 5 5 5 5 5 5 5 9 9 9 9 9 9 9 9 5 5 5 5 5 5 5 
6 6 6 6 6 6 6 6 6 9 9 9 9 9 9 9 9 9 9 5 6 6 6 6 
6 6 6 6 6 6 6 6 6 6 6 6 6 6 6 6 5 6 6 6 6 6 6 6 
1 1 1 1 1 1 1 1 1 6 6 6 6 6 6 6 6 5 1 1 1 1 1 1 
9 9 9 9 9 9 6 6 6 6 6 6 6 6 6 6 6 6 6 5 9 9 9 9 
6 6 6 6 6 6 6 6 6 6 6 6 6 6 6 6 6 6 6 5 6 6 6 6 
9 9 9 9 9 9 9 9 9 9 9 9 9 9 9 9 9 9 5 9 9 9 9 9 
0 0 0 0 0 0 0 0 0 5 9 9 9 9 9 9 5 0 0 0 0 0 0 0 
6 6 6 6 6 6 6 6 6 6 6 6 6 6 6 6 6 6 5 6 6 6 6 6 
9 9 9 9 9 9 6 6 6 6 6 6 6 6 6 6 6 6 5 9 9 9 9 9 
9 9 9 9 9 9 9 9 6 6 6 6 6 6 6 6 6 6 5 9 9 9 9 9 
9 9 9 9 9 9 9 9 9 6 6 6 6 6 6 6 6 6 6 5 9 9 9 9 
9 9 9 9 9 9 6 6 6 6 6 6 6 6 6 6 6 6 6 5 9 9 9 9 
9 9 9 9 9 9 6 6 6 6 6 6 6 6 6 6 5 9 9 9 9 9 9 9 
1 1 1 1 1 1 1 6 6 6 6 6 6 6 6 6 5 1 1 1 1 1 1 1 
1 1 1 1 1 1 1 6 6 6 6 6 6 6 6 6 6 6 5 1 1 1 1 1 
5 5 5 5 5 5 9 9 9 9 9 9 9 9 9 9 9 9 9 5 5 5 5 5 
5 5 5 5 5 5 6 6 6 6 6 6 6 6 6 6 5 5 5 5 5 5 5 5 
1 1 1 1 1 1 1 1 1 6 6 6 6 6 6 6 6 5 1 1 1 1 1 1 
5 5 5 5 5 5 6 6 6 6 6 6 6 6 6 6 6 6 6 5 5 5 5 5 
5 5 5 5 5 5 5 9 9 9 9 9 9 9 9 9 9 9 5 5 5 5 5 5 
5 5 5 5 5 5 9 9 9 9 9 9 9 9 9 9 9 9 5 5 5 5 5 5 
6 6 6 6 6 6 6 9 9 9 9 9 9 9 9 9 9 9 9 5 6 6 6 6 
9 9 9 9 9 9 9 9 9 6 6 6 6 6 6 6 6 6 6 5 9 9 9 9 
9 9 9 9 9 9 9 6 6 6 6 6 6 6 6 6 6 6 5 9 9 9 9 9 
0 0 0 0 0 0 0 0 5 6 6 6 6 6 6 6 5 0 0 0 0 0 0 0 
6 6 6 6 6 6 9 9 9 9 9 9 9 9 9 9 9 9 5 6 6 6 6 6 
6 6 6 6 6 6 6 6 6 6 6 6 6 6 6 6 6 6 5 6 6 6 6 6 
1 1 1 1 1 1 6 6 6 6 6 6 6 6 6 6 5 1 1 1 1 1 1 1 
1 1 1 1 1 1 1 1 1 6 6 6 6 6 6 6 6 5 1 1 1 1 1 1 
9 9 9 9 9 9 9 9 9 9 9 9 9 9 9 9 5 9 9 9 9 9 9 9 
5 5 5 5 5 5 5 6 6 6 6 6 6 6 6 6 6 5 5 5 5 5 5 5 
0 0 0 0 0 0 0 0 0 5 6 6 6 6 6 6 6 5 0 0 0 0 0 0 
6 6 6 6 6 6 6 6 6 6 6 6 6 6 6 6 6 6 6 5 6 6 6 6 
6 6 6 6 6 6 6 6 6 6 6 6 6 6 6 6 5 6 6 6 6 6 6 6 
6 6 6 6 6 6 6 6 6 6 6 6 6 6 6 6 6 6 5 6 6 6 6 6 
1 1 1 1 1 1 6 6 6 6 6 6 6 6 6 6 6 6 5 1 1 1 1 1 
6 6 6 6 6 6 6 6 6 6 6 6 6 6 6 6 6 6 6 5 6 6 6 6 
1 1 1 1 1 1 5 9 9 9 9 9 9 9 9 9 9 5 1 1 1 1 1 1 
6 6 6 6 6 6 6 6 6 6 6 6 6 6 6 6 6 6 5 6 6 6 6 6 
1 1 1 1 1 1 1 1 1 6 6 6 6 6 6 6 5 1 1 1 1 1 1 1 
9 9 9 9 9 9 9 9 9 6 6 6 6 6 6 6 6 6 6 5 9 9 9 9 
5 5 5 5 5 5 6 6 6 6 6 6 6 6 6 6 5 5 5 5 5 5 5 5 
6 6 6 6 6 6 6 6 9 9 9 9 9 9 9 9 9 5 6 6 6 6 6 6 
6 6 6 6 6 6 6 6 9 9 9 9 9 9 9 9 9 9 9 5 6 6 6 6 
0 0 0 0 0 0 5 9 9 9 9 9 9 9 9 9 9 9 5 0 0 0 0 0 
1 1 1 1 1 1 1 1 6 6 6 6 6 6 6 6 5 1 1 1 1 1 1 1 
0 0 0 0 0 0 5 9 9 9 9 9 9 9 9 9 9 5 0 0 0 0 0 0 
9 9 9 9 9 9 9 6 6 6 6 6 6 6 6 6 6 5 9 9 9 9 9 9 
1 1 1 1 1 1 1 6 6 6 6 6 6 6 6 6 6 6 6 5 1 1 1 1 
1 1 1 1 1 1 1 1 1 5 9 9 9 9 9 9 5 1 1 1 1 1 1 1 
0 0 0 0 0 0 0 5 6 6 6 6 6 6 6 6 6 6 6 5 0 0 0 0 
5 5 5 5 5 5 5 9 9 9 9 9 9 9 9 9 9 9 9 5 5 5 5 5 
0 0 0 0 0 0 0 0 0 5 6 6 6 6 6 6 6 6 5 0 0 0 0 0 
9 9 9 9 9 9 6 6 6 6 6 6 6 6 6 6 6 5 9 9 9 9 9 9 
6 6 6 6 6 6 6 9 9 9 9 9 9 9 9 9 9 9 9 5 6 6 6 6 
9 9 9 9 9 9 6 6 6 6 6 6 6 6 6 6 6 6 5 9 9 9 9 9 
5 5 5 5 5 5 5 5 6 6 6 6 6 6 6 6 6 6 6 5 5 5 5 5 
6 6 6 6 6 6 6 6 6 6 6 6 6 6 6 6 6 6 5 6 6 6 6 6 
0 0 0 0 0 0 0 5 6 6 6 6 6 6 6 6 6 6 6 5 0 0 0 0 
5 5 5 5 5 5 5 5 6 6 6 6 6 6 6 6 6 6 6 5 5 5 5 5 
1 1 1 1 1 1 6 6 6 6 6 6 6 6 6 6 6 5 1 1 1 1 1 1 
6 6 6 6 6 6 6 6 6 6 6 6 6 6 6 6 6 6 5 6 6 6 6 6 
6 6 6 6 6 6 6 6 6 6 6 6 6 6 6 6 6 6 6 5 6 6 6 6 
5 5 5 5 5 5 5 6 6 6 6 6 6 6 6 6 6 6 5 5 5 5 5 5 
1 1 1 1 1 1 1 6 6 6 6 6 6 6 6 6 5 1 1 1 1 1 1 1 
1 1 1 1 1 1 6 6 6 6 6 6 6 6 6 6 6 6 5 1 1 1 1 1 
6 6 6 6 6 6 6 6 6 6 6 6 6 6 6 6 6 5 6 6 6 6 6 6 
9 9 9 9 9 9 9 6 6 6 6 6 6 6 6 6 6 6 5 9 9 9 9 9 
1 1 1 1 1 1 1 1 1 6 6 6 6 6 6 6 6 5 1 1 1 1 1 1 
9 9 9 9 9 9 9 9 9 9 9 9 9 9 9 9 9 5 9 9 9 9 9 9 
9 9 9 9 9 9 9 9 9 6 6 6 6 6 6 6 6 5 9 9 9 9 9 9 
6 6 6 6 6 6 6 6 6 9 9 9 9 9 9 9 9 9 5 6 6 6 6 6 
5 5 5 5 5 5 5 5 5 9 9 9 9 9 9 9 9 5 5 5 5 5 5 5 
9 9 9 9 9 9 9 9 9 9 9 9 9 9 9 9 9 9 5 9 9 9 9 9 
9 9 9 9 9 9 9 6 6 6 6 6 6 6 6 6 6 5 9 9 9 9 9 9 
6 6 6 6 6 6 6 9 9 9 9 9 9 9 9 9 5 6 6 6 6 6 6 6 
6 6 6 6 6 6 6 6 6 6 6 6 6 6 6 6 6 5 6 6 6 6 6 6 
6 6 6 6 6 6 6 6 6 6 6 6 6 6 6 6 6 6 5 6 6 6 6 6 
9 9 9 9 9 9 9 6 6 6 6 6 6 6 6 6 6 6 5 9 9 9 9 9 
9 9 9 9 9 9 9 9 9 6 6 6 6 6 6 6 6 5 9 9 9 9 9 9 
6 6 6 6 6 6 6 6 6 9 9 9 9 9 9 9 9 9 5 6 6 6 6 6 
1 1 1 1 1 1 5 9 9 9 9 9 9 9 9 9 5 1 1 1 1 1 1 1 
9 9 9 9 9 9 9 9 9 6 6 6 6 6 6 6 5 9 9 9 9 9 9 9 
1 1 1 1 1 1 1 1 1 6 6 6 6 6 6 6 6 6 5 1 1 1 1 1 
9 9 9 9 9 9 9 9 6 6 6 6 6 6 6 6 6 6 5 9 9 9 9 9 
1 1 1 1 1 1 5 9 9 9 9 9 9 9 9 9 9 9 9 5 1 1 1 1 
9 9 9 9 9 9 6 6 6 6 6 6 6 6 6 6 5 9 9 9 9 9 9 9 
0 0 0 0 0 0 5 6 6 6 6 6 6 6 6 6 6 6 6 5 0 0 0 0 
0 0 0 0 0 0 0 0 5 6 6 6 6 6 6 6 5 0 0 0 0 0 0 0 
1 1 1 1 1 1 1 5 9 9 9 9 9 9 9 9 9 9 9 5 1 1 1 1 
5 5 5 5 5 5 5 9 9 9 9 9 9 9 9 9 9 5 5 5 5 5 5 5 
0 0 0 0 0 0 0 0 5 6 6 6 6 6 6 6 6 6 5 0 0 0 0 0 
0 0 0 0 0 0 0 5 6 6 6 6 6 6 6 6 6 6 5 0 0 0 0 0 
5 5 5 5 5 5 6 6 6 6 6 6 6 6 6 6 6 6 5 5 5 5 5 5 
6 6 6 6 6 6 6 6 6 6 6 6 6 6 6 6 6 5 6 6 6 6 6 6 
6 6 6 6 6 6 6 6 6 9 9 9 9 9 9 9 9 5 6 6 6 6 6 6 
9 9 9 9 9 9 6 6 6 6 6 6 6 6 6 6 6 6 5 9 9 9 9 9 
1 1 1 1 1 1 1 1 5 9 9 9 9 9 9 9 5 1 1 1 1 1 1 1 
1 1 1 1 1 1 1 1 1 6 6 6 6 6 6 6 5 1 1 1 1 1 1 1 
5 5 5 5 5 5 5 5 5 6 6 6 6 6 6 6 6 6 5 5 5 5 5 5 
1 1 1 1 1 1 1 1 1 6 6 6 6 6 6 6 5 1 1 1 1 1 1 1 
6 6 6 6 6 6 6 6 6 6 6 6 6 6 6 6 6 6 5 6 6 6 6 6 
0 0 0 0 0 0 0 0 5 9 9 9 9 9 9 9 9 5 0 0 0 0 0 0 
9 9 9 9 9 9 6 6 6 6 6 6 6 6 6 6 6 5 9 9 9 9 9 9 
6 6 6 6 6 6 6 6 6 6 6 6 6 6 6 6 5 6 6 6 6 6 6 6 
9 9 9 9 9 9 9 9 6 6 6 6 6 6 6 6 6 6 5 9 9 9 9 9 
9 9 9 9 9 9 9 9 9 9 9 9 9 9 9 9 9 9 5 9 9 9 9 9 
0 0 0 0 0 0 0 5 9 9 9 9 9 9 9 9 9 9 5 0 0 0 0 0 
0 0 0 0 0 0 0 0 0 5 6 6 6 6 6 6 6 5 0 0 0 0 0 0 
5 5 5 5 5 5 5 5 6 6 6 6 6 6 6 6 5 5 5 5 5 5 5 5 
1 1 1 1 1 1 1 1 1 5 9 9 9 9 9 9 9 9 9 5 1 1 1 1 
6 6 6 6 6 6 6 6 6 6 6 6 6 6 6 6 6 5 6 6 6 6 6 6 
0 0 0 0 0 0 0 0 5 6 6 6 6 6 6 6 6 6 6 5 0 0 0 0 
5 5 5 5 5 5 5 5 6 6 6 6 6 6 6 6 6 5 5 5 5 5 5 5 
6 6 6 6 6 6 6 6 6 6 6 6 6 6 6 6 6 5 6 6 6 6 6 6 
5 5 5 5 5 5 5 6 6 6 6 6 6 6 6 6 6 5 5 5 5 5 5 5 
6 6 6 6 6 6 6 6 6 6 6 6 6 6 6 6 6 6 6 5 6 6 6 6 
1 1 1 1 1 1 1 5 9 9 9 9 9 9 9 9 9 9 9 5 1 1 1 1 
0 0 0 0 0 0 0 0 0 5 6 6 6 6 6 6 6 6 6 5 0 0 0 0 
6 6 6 6 6 6 6 6 6 6 6 6 6 6 6 6 6 5 6 6 6 6 6 6 
6 6 6 6 6 6 6 6 6 6 6 6 6 6 6 6 6 6 5 6 6 6 6 6 
6 6 6 6 6 6 6 9 9 9 9 9 9 9 9 9 9 9 5 6 6 6 6 6 
6 6 6 6 6 6 6 6 9 9 9 9 9 9 9 9 5 6 6 6 6 6 6 6 
6 6 6 6 6 6 6 6 6 6 6 6 6 6 6 6 6 6 6 5 6 6 6 6 
1 1 1 1 1 1 6 6 6 6 6 6 6 6 6 6 6 5 1 1 1 1 1 1 
1 1 1 1 1 1 1 1 1 6 6 6 6 6 6 6 6 6 6 5 1 1 1 1 
0 0 0 0 0 0 0 5 6 6 6 6 6 6 6 6 6 5 0 0 0 0 0 0 
6 6 6 6 6 6 6 6 6 9 9 9 9 9 9 9 5 6 6 6 6 6 6 6 
9 9 9 9 9 9 9 9 9 9 9 9 9 9 9 9 9 5 9 9 9 9 9 9 
6 6 6 6 6 6 6 6 6 6 6 6 6 6 6 6 6 6 6 5 6 6 6 6 
6 6 6 6 6 6 6 6 6 6 6 6 6 6 6 6 5 6 6 6 6 6 6 6 
9 9 9 9 9 9 9 6 6 6 6 6 6 6 6 6 5 9 9 9 9 9 9 9 
9 9 9 9 9 9 9 9 9 9 9 9 9 9 9 9 9 9 9 5 9 9 9 9 
9 9 9 9 9 9 9 6 6 6 6 6 6 6 6 6 5 9 9 9 9 9 9 9 
6 6 6 6 6 6 6 6 6 6 6 6 6 6 6 6 6 6 5 6 6 6 6 6 
5 5 5 5 5 5 5 5 6 6 6 6 6 6 6 6 6 6 5 5 5 5 5 5 
1 1 1 1 1 1 1 1 6 6 6 6 6 6 6 6 5 1 1 1 1 1 1 1 
6 6 6 6 6 6 6 6 9 9 9 9 9 9 9 9 9 9 5 6 6 6 6 6 
5 5 5 5 5 5 5 5 5 6 6 6 6 6 6 6 6 6 6 5 5 5 5 5 
6 6 6 6 6 6 6 6 6 6 6 6 6 6 6 6 6 5 6 6 6 6 6 6 
5 5 5 5 5 5 5 5 6 6 6 6 6 6 6 6 6 6 5 5 5 5 5 5 
0 0 0 0 0 0 0 0 5 6 6 6 6 6 6 6 6 6 6 5 0 0 0 0 
0 0 0 0 0 0 0 5 6 6 6 6 6 6 6 6 6 5 0 0 0 0 0 0 
9 9 9 9 9 9 9 9 9 9 9 9 9 9 9 9 9 9 9 5 9 9 9 9 
9 9 9 9 9 9 9 9 9 6 6 6 6 6 6 6 5 9 9 9 9 9 9 9 
0 0 0 0 0 0 5 6 6 6 6 6 6 6 6 6 6 6 6 5 0 0 0 0 
9 9 9 9 9 9 9 6 6 6 6 6 6 6 6 6 5 9 9 9 9 9 9 9 
6 6 6 6 6 6 6 6 6 6 6 6 6 6 6 6 6 5 6 6 6 6 6 6 
5 5 5 5 5 5 9 9 9 9 9 9 9 9 9 9 9 5 5 5 5 5 5 5 
6 6 6 6 6 6 6 6 6 6 6 6 6 6 6 6 6 6 6 5 6 6 6 6 
6 6 6 6 6 6 9 9 9 9 9 9 9 9 9 9 9 9 5 6 6 6 6 6 
1 1 1 1 1 1 6 6 6 6 6 6 6 6 6 6 5 1 1 1 1 1 1 1 
1 1 1 1 1 1 1 1 5 9 9 9 9 9 9 9 5 1 1 1 1 1 1 1 
9 9 9 9 9 9 9 9 9 9 9 9 9 9 9 9 9 5 9 9 9 9 9 9 
9 9 9 9 9 9 6 6 6 6 6 6 6 6 6 6 5 9 9 9 9 9 9 9 
0 0 0 0 0 0 5 9 9 9 9 9 9 9 9 9 5 0 0 0 0 0 0 0 
1 1 1 1 1 1 1 1 1 6 6 6 6 6 6 6 5 1 1 1 1 1 1 1 
6 6 6 6 6 6 6 6 6 6 6 6 6 6 6 6 5 6 6 6 6 6 6 6 
0 0 0 0 0 0 5 9 9 9 9 9 9 9 9 9 9 9 5 0 0 0 0 0 
6 6 6 6 6 6 9 9 9 9 9 9 9 9 9 9 5 6 6 6 6 6 6 6 
9 9 9 9 9 9 9 9 9 9 9 9 9 9 9 9 9 5 9 9 9 9 9 9 
9 9 9 9 9 9 9 9 9 6 6 6 6 6 6 6 5 9 9 9 9 9 9 9 
1 1 1 1 1 1 1 1 6 6 6 6 6 6 6 6 6 5 1 1 1 1 1 1 
9 9 9 9 9 9 9 9 9 9 9 9 9 9 9 9 9 9 9 5 9 9 9 9 
9 9 9 9 9 9 9 9 6 6 6 6 6 6 6 6 5 9 9 9 9 9 9 9 
1 1 1 1 1 1 1 1 1 6 6 6 6 6 6 6 6 6 6 5 1 1 1 1 
9 9 9 9 9 9 9 9 9 9 9 9 9 9 9 9 5 9 9 9 9 9 9 9 
9 9 9 9 9 9 9 6 6 6 6 6 6 6 6 6 6 6 6 5 9 9 9 9 
9 9 9 9 9 9 9 6 6 6 6 6 6 6 6 6 6 6 5 9 9 9 9 9 
0 0 0 0 0 0 5 6 6 6 6 6 6 6 6 6 5 0 0 0 0 0 0 0 
1 1 1 1 1 1 1 1 5 9 9 9 9 9 9 9 9 9 5 1 1 1 1 1 
0 0 0 0 0 0 5 6 6 6 6 6 6 6 6 6 6 5 0 0 0 0 0 0 
5 5 5 5 5 5 5 5 6 6 6 6 6 6 6 6 5 5 5 5 5 5 5 5 
6 6 6 6 6 6 6 6 6 6 6 6 6 6 6 6 6 6 6 5 6 6 6 6 
9 9 9 9 9 9 9 6 6 6 6 6 6 6 6 6 5 9 9 9 9 9 9 9 
6 6 6 6 6 6 6 6 6 9 9 9 9 9 9 9 9 5 6 6 6 6 6 6 
1 1 1 1 1 1 6 6 6 6 6 6 6 6 6 6 6 6 6 5 1 1 1 1 
1 1 1 1 1 1 6 6 6 6 6 6 6 6 6 6 6 6 5 1 1 1 1 1 
0 0 0 0 0 0 0 0 5 9 9 9 9 9 9 9 5 0 0 0 0 0 0 0 
9 9 9 9 9 9 9 9 9 9 9 9 9 9 9 9 9 9 5 9 9 9 9 9 
9 9 9 9 9 9 9 9 9 9 9 9 9 9 9 9 5 9 9 9 9 9 9 9 
9 9 9 9 9 9 9 6 6 6 6 6 6 6 6 6 6 5 9 9 9 9 9 9 
6 6 6 6 6 6 6 6 6 6 6 6 6 6 6 6 6 6 6 5 6 6 6 6 
5 5 5 5 5 5 6 6 6 6 6 6 6 6 6 6 6 6 6 5 5 5 5 5 
6 6 6 6 6 6 6 6 6 6 6 6 6 6 6 6 5 6 6 6 6 6 6 6 
6 6 6 6 6 6 6 6 6 6 6 6 6 6 6 6 6 5 6 6 6 6 6 6 
5 5 5 5 5 5 5 5 5 6 6 6 6 6 6 6 6 5 5 5 5 5 5 5 
6 6 6 6 6 6 6 6 6 6 6 6 6 6 6 6 6 6 6 5 6 6 6 6 
0 0 0 0 0 0 5 6 6 6 6 6 6 6 6 6 5 0 0 0 0 0 0 0 
9 9 9 9 9 9 6 6 6 6 6 6 6 6 6 6 6 6 6 5 9 9 9 9 
9 9 9 9 9 9 6 6 6 6 6 6 6 6 6 6 6 6 6 5 9 9 9 9 
9 9 9 9 9 9 9 6 6 6 6 6 6 6 6 6 6 5 9 9 9 9 9 9 
6 6 6 6 6 6 6 6 6 6 6 6 6 6 6 6 6 6 5 6 6 6 6 6 
5 5 5 5 5 5 5 5 5 6 6 6 6 6 6 6 6 5 5 5 5 5 5 5 
9 9 9 9 9 9 6 6 6 6 6 6 6 6 6 6 5 9 9 9 9 9 9 9 
9 9 9 9 9 9 9 9 9 9 9 9 9 9 9 9 9 9 9 5 9 9 9 9 
6 6 6 6 6 6 9 9 9 9 9 9 9 9 9 9 9 5 6 6 6 6 6 6 
0 0 0 0 0 0 0 0 5 6 6 6 6 6 6 6 6 6 6 5 0 0 0 0 
0 0 0 0 0 0 0 0 0 5 6 6 6 6 6 6 6 6 6 5 0 0 0 0 
9 9 9 9 9 9 9 6 6 6 6 6 6 6 6 6 6 5 9 9 9 9 9 9 
6 6 6 6 6 6 6 9 9 9 9 9 9 9 9 9 5 6 6 6 6 6 6 6 
6 6 6 6 6 6 6 6 6 6 6 6 6 6 6 6 6 6 6 5 6 6 6 6 
5 5 5 5 5 5 5 6 6 6 6 6 6 6 6 6 6 5 5 5 5 5 5 5 
5 5 5 5 5 5 5 5 5 6 6 6 6 6 6 6 6 6 5 5 5 5 5 5 
9 9 9 9 9 9 6 6 6 6 6 6 6 6 6 6 6 6 5 9 9 9 9 9 
6 6 6 6 6 6 6 6 6 6 6 6 6 6 6 6 5 6 6 6 6 6 6 6 
1 1 1 1 1 1 1 1 6 6 6 6 6 6 6 6 5 1 1 1 1 1 1 1 
5 5 5 5 5 5 5 5 6 6 6 6 6 6 6 6 6 5 5 5 5 5 5 5 
9 9 9 9 9 9 9 9 6 6 6 6 6 6 6 6 6 6 5 9 9 9 9 9 
0 0 0 0 0 0 0 5 9 9 9 9 9 9 9 9 9 9 5 0 0 0 0 0 
6 6 6 6 6 6 9 9 9 9 9 9 9 9 9 9 9 5 6 6 6 6 6 6 
9 9 9 9 9 9 9 9 6 6 6 6 6 6 6 6 5 9 9 9 9 9 9 9 
9 9 9 9 9 9 9 9 9 9 9 9 9 9 9 9 5 9 9 9 9 9 9 9 
5 5 5 5 5 5 5 6 6 6 6 6 6 6 6 6 6 6 6 5 5 5 5 5 
9 9 9 9 9 9 9 6 6 6 6 6 6 6 6 6 5 9 9 9 9 9 9 9 
1 1 1 1 1 1 6 6 6 6 6 6 6 6 6 6 5 1 1 1 1 1 1 1 
6 6 6 6 6 6 6 6 9 9 9 9 9 9 9 9 9 5 6 6 6 6 6 6 
9 9 9 9 9 9 9 9 9 6 6 6 6 6 6 6 6 6 5 9 9 9 9 9 
0 0 0 0 0 0 0 0 0 5 6 6 6 6 6 6 6 6 6 5 0 0 0 0 
6 6 6 6 6 6 6 6 6 6 6 6 6 6 6 6 6 6 5 6 6 6 6 6 
9 9 9 9 9 9 9 6 6 6 6 6 6 6 6 6 6 6 5 9 9 9 9 9 
9 9 9 9 9 9 9 9 6 6 6 6 6 6 6 6 6 6 6 5 9 9 9 9 
9 9 9 9 9 9 9 9 9 9 9 9 9 9 9 9 9 9 5 9 9 9 9 9 
6 6 6 6 6 6 6 6 6 6 6 6 6 6 6 6 6 6 6 5 6 6 6 6 
0 0 0 0 0 0 5 9 9 9 9 9 9 9 9 9 5 0 0 0 0 0 0 0 
9 9 9 9 9 9 6 6 6 6 6 6 6 6 6 6 6 6 6 5 9 9 9 9 
9 9 9 9 9 9 9 9 6 6 6 6 6 6 6 6 6 6 6 5 9 9 9 9 
1 1 1 1 1 1 6 6 6 6 6 6 6 6 6 6 6 6 6 5 1 1 1 1 
5 5 5 5 5 5 6 6 6 6 6 6 6 6 6 6 5 5 5 5 5 5 5 5 
9 9 9 9 9 9 9 9 9 6 6 6 6 6 6 6 5 9 9 9 9 9 9 9 
5 5 5 5 5 5 5 5 6 6 6 6 6 6 6 6 6 6 5 5 5 5 5 5 
9 9 9 9 9 9 9 9 6 6 6 6 6 6 6 6 5 9 9 9 9 9 9 9 
5 5 5 5 5 5 5 5 6 6 6 6 6 6 6 6 6 6 6 5 5 5 5 5 
6 6 6 6 6 6 6 6 6 6 6 6 6 6 6 6 6 6 5 6 6 6 6 6 
0 0 0 0 0 0 0 0 5 6 6 6 6 6 6 6 6 6 5 0 0 0 0 0 
6 6 6 6 6 6 6 6 6 6 6 6 6 6 6 6 5 6 6 6 6 6 6 6 
6 6 6 6 6 6 6 6 6 6 6 6 6 6 6 6 6 6 5 6 6 6 6 6 
6 6 6 6 6 6 6 6 6 9 9 9 9 9 9 9 9 9 9 5 6 6 6 6 
0 0 0 0 0 0 0 0 0 5 6 6 6 6 6 6 6 5 0 0 0 0 0 0 
5 5 5 5 5 5 5 9 9 9 9 9 9 9 9 9 9 9 5 5 5 5 5 5 
9 9 9 9 9 9 9 9 9 9 9 9 9 9 9 9 9 9 9 5 9 9 9 9 
6 6 6 6 6 6 6 6 6 6 6 6 6 6 6 6 6 6 5 6 6 6 6 6 
6 6 6 6 6 6 6 6 6 6 6 6 6 6 6 6 6 6 5 6 6 6 6 6 
9 9 9 9 9 9 6 6 6 6 6 6 6 6 6 6 6 6 6 5 9 9 9 9 
9 9 9 9 9 9 9 6 6 6 6 6 6 6 6 6 6 5 9 9 9 9 9 9 
1 1 1 1 1 1 1 1 6 6 6 6 6 6 6 6 6 6 6 5 1 1 1 1 
6 6 6 6 6 6 6 9 9 9 9 9 9 9 9 9 9 9 5 6 6 6 6 6 
9 9 9 9 9 9 9 6 6 6 6 6 6 6 6 6 6 6 5 9 9 9 9 9 
0 0 0 0 0 0 0 0 0 5 6 6 6 6 6 6 6 6 6 5 0 0 0 0 
6 6 6 6 6 6 6 6 6 6 6 6 6 6 6 6 5 6 6 6 6 6 6 6 
0 0 0 0 0 0 5 6 6 6 6 6 6 6 6 6 6 6 5 0 0 0 0 0 
9 9 9 9 9 9 9 9 6 6 6 6 6 6 6 6 6 6 5 9 9 9 9 9 
1 1 1 1 1 1 6 6 6 6 6 6 6 6 6 6 5 1 1 1 1 1 1 1 
1 1 1 1 1 1 1 6 6 6 6 6 6 6 6 6 5 1 1 1 1 1 1 1 
9 9 9 9 9 9 9 9 9 6 6 6 6 6 6 6 6 6 5 9 9 9 9 9 
6 6 6 6 6 6 6 6 6 6 6 6 6 6 6 6 6 6 5 6 6 6 6 6 
0 0 0 0 0 0 5 9 9 9 9 9 9 9 9 9 9 9 9 5 0 0 0 0 
9 9 9 9 9 9 9 9 9 9 9 9 9 9 9 9 9 9 9 5 9 9 9 9 
5 5 5 5 5 5 5 9 9 9 9 9 9 9 9 9 9 9 9 5 5 5 5 5 
5 5 5 5 5 5 5 5 6 6 6 6 6 6 6 6 6 5 5 5 5 5 5 5 
0 0 0 0 0 0 0 5 9 9 9 9 9 9 9 9 9 9 9 5 0 0 0 0 
1 1 1 1 1 1 6 6 6 6 6 6 6 6 6 6 6 6 5 1 1 1 1 1 
9 9 9 9 9 9 9 9 9 9 9 9 9 9 9 9 9 9 9 5 9 9 9 9 
5 5 5 5 5 5 9 9 9 9 9 9 9 9 9 9 9 5 5 5 5 5 5 5 
0 0 0 0 0 0 5 6 6 6 6 6 6 6 6 6 6 6 6 5 0 0 0 0 
6 6 6 6 6 6 6 6 9 9 9 9 9 9 9 9 9 9 9 5 6 6 6 6 
9 9 9 9 9 9 9 9 9 6 6 6 6 6 6 6 6 6 6 5 9 9 9 9 
6 6 6 6 6 6 9 9 9 9 9 9 9 9 9 9 9 9 9 5 6 6 6 6 
0 0 0 0 0 0 0 5 6 6 6 6 6 6 6 6 6 6 6 5 0 0 0 0 
1 1 1 1 1 1 1 1 5 9 9 9 9 9 9 9 9 9 5 1 1 1 1 1 
0 0 0 0 0 0 0 0 5 6 6 6 6 6 6 6 6 6 6 5 0 0 0 0 
6 6 6 6 6 6 6 9 9 9 9 9 9 9 9 9 9 9 9 5 6 6 6 6 
9 9 9 9 9 9 9 6 6 6 6 6 6 6 6 6 5 9 9 9 9 9 9 9 
6 6 6 6 6 6 6 6 6 6 6 6 6 6 6 6 5 6 6 6 6 6 6 6 
6 6 6 6 6 6 6 6 9 9 9 9 9 9 9 9 9 5 6 6 6 6 6 6 
1 1 1 1 1 1 1 1 1 5 9 9 9 9 9 9 5 1 1 1 1 1 1 1 
0 0 0 0 0 0 0 0 0 5 6 6 6 6 6 6 6 6 6 5 0 0 0 0 
1 1 1 1 1 1 5 9 9 9 9 9 9 9 9 9 9 9 9 5 1 1 1 1 
6 6 6 6 6 6 6 6 9 9 9 9 9 9 9 9 9 9 5 6 6 6 6 6 
9 9 9 9 9 9 9 9 9 9 9 9 9 9 9 9 9 5 9 9 9 9 9 9 
9 9 9 9 9 9 9 9 6 6 6 6 6 6 6 6 6 5 9 9 9 9 9 9 
0 0 0 0 0 0 5 9 9 9 9 9 9 9 9 9 9 9 9 5 0 0 0 0 
6 6 6 6 6 6 6 6 6 6 6 6 6 6 6 6 6 6 5 6 6 6 6 6 
6 6 6 6 6 6 6 6 6 6 6 6 6 6 6 6 5 6 6 6 6 6 6 6 
5 5 5 5 5 5 6 6 6 6 6 6 6 6 6 6 6 6 6 5 5 5 5 5 
6 6 6 6 6 6 6 6 6 6 6 6 6 6 6 6 6 5 6 6 6 6 6 6 
0 0 0 0 0 0 0 0 5 6 6 6 6 6 6 6 6 6 5 0 0 0 0 0 
9 9 9 9 9 9 9 9 9 9 9 9 9 9 9 9 9 9 5 9 9 9 9 9 
9 9 9 9 9 9 9 6 6 6 6 6 6 6 6 6 6 6 6 5 9 9 9 9 
9 9 9 9 9 9 9 9 6 6 6 6 6 6 6 6 6 6 6 5 9 9 9 9 
5 5 5 5 5 5 5 6 6 6 6 6 6 6 6 6 6 5 5 5 5 5 5 5 
6 6 6 6 6 6 6 6 6 6 6 6 6 6 6 6 5 6 6 6 6 6 6 6 
9 9 9 9 9 9 9 9 9 6 6 6 6 6 6 6 5 9 9 9 9 9 9 9 
5 5 5 5 5 5 5 5 6 6 6 6 6 6 6 6 6 5 5 5 5 5 5 5 
6 6 6 6 6 6 9 9 9 9 9 9 9 9 9 9 9 5 6 6 6 6 6 6 
6 6 6 6 6 6 6 6 9 9 9 9 9 9 9 9 9 9 5 6 6 6 6 6 
6 6 6 6 6 6 6 6 9 9 9 9 9 9 9 9 5 6 6 6 6 6 6 6 
6 6 6 6 6 6 6 6 6 6 6 6 6 6 6 6 5 6 6 6 6 6 6 6 
9 9 9 9 9 9 9 9 6 6 6 6 6 6 6 6 6 6 5 9 9 9 9 9 
6 6 6 6 6 6 6 6 6 6 6 6 6 6 6 6 6 6 5 6 6 6 6 6 
6 6 6 6 6 6 6 9 9 9 9 9 9 9 9 9 9 5 6 6 6 6 6 6 
6 6 6 6 6 6 6 6 6 9 9 9 9 9 9 9 9 9 5 6 6 6 6 6 
6 6 6 6 6 6 6 6 6 6 6 6 6 6 6 6 6 6 6 5 6 6 6 6 
9 9 9 9 9 9 9 9 6 6 6 6 6 6 6 6 6 6 5 9 9 9 9 9 
6 6 6 6 6 6 6 6 6 6 6 6 6 6 6 6 6 6 6 5 6 6 6 6 
6 6 6 6 6 6 6 6 6 6 6 6 6 6 6 6 6 6 6 5 6 6 6 6 
6 6 6 6 6 6 6 6 6 9 9 9 9 9 9 9 9 5 6 6 6 6 6 6 
6 6 6 6 6 6 6 6 6 6 6 6 6 6 6 6 6 5 6 6 6 6 6 6 
9 9 9 9 9 9 9 9 9 9 9 9 9 9 9 9 9 9 5 9 9 9 9 9 
5 5 5 5 5 5 5 5 5 6 6 6 6 6 6 6 6 5 5 5 5 5 5 5 
5 5 5 5 5 5 9 9 9 9 9 9 9 9 9 9 9 9 5 5 5 5 5 5 
0 0 0 0 0 0 0 0 0 5 6 6 6 6 6 6 6 5 0 0 0 0 0 0 
9 9 9 9 9 9 9 6 6 6 6 6 6 6 6 6 6 5 9 9 9 9 9 9 
9 9 9 9 9 9 9 9 6 6 6 6 6 6 6 6 6 6 6 5 9 9 9 9 
9 9 9 9 9 9 9 9 9 9 9 9 9 9 9 9 9 9 9 5 9 9 9 9 
1 1 1 1 1 1 1 1 6 6 6 6 6 6 6 6 6 6 5 1 1 1 1 1 
6 6 6 6 6 6 9 9 9 9 9 9 9 9 9 9 5 6 6 6 6 6 6 6 
5 5 5 5 5 5 5 5 6 6 6 6 6 6 6 6 5 5 5 5 5 5 5 5 
5 5 5 5 5 5 5 5 5 6 6 6 6 6 6 6 5 5 5 5 5 5 5 5 
9 9 9 9 9 9 9 9 6 6 6 6 6 6 6 6 6 6 6 5 9 9 9 9 
9 9 9 9 9 9 9 9 9 6 6 6 6 6 6 6 5 9 9 9 9 9 9 9 
9 9 9 9 9 9 9 9 9 9 9 9 9 9 9 9 5 9 9 9 9 9 9 9 
0 0 0 0 0 0 0 0 0 5 6 6 6 6 6 6 6 6 6 5 0 0 0 0 
9 9 9 9 9 9 9 9 9 6 6 6 6 6 6 6 6 6 6 5 9 9 9 9 
6 6 6 6 6 6 6 6 6 6 6 6 6 6 6 6 6 6 5 6 6 6 6 6 
9 9 9 9 9 9 9 9 6 6 6 6 6 6 6 6 6 5 9 9 9 9 9 9 
5 5 5 5 5 5 5 5 9 9 9 9 9 9 9 9 5 5 5 5 5 5 5 5 
6 6 6 6 6 6 6 6 9 9 9 9 9 9 9 9 5 6 6 6 6 6 6 6 
1 1 1 1 1 1 1 1 5 9 9 9 9 9 9 9 9 9 9 5 1 1 1 1 
9 9 9 9 9 9 9 9 6 6 6 6 6 6 6 6 6 6 6 5 9 9 9 9 
0 0 0 0 0 0 0 5 9 9 9 9 9 9 9 9 9 5 0 0 0 0 0 0 
0 0 0 0 0 0 0 5 6 6 6 6 6 6 6 6 6 6 6 5 0 0 0 0 
9 9 9 9 9 9 9 9 6 6 6 6 6 6 6 6 5 9 9 9 9 9 9 9 
9 9 9 9 9 9 6 6 6 6 6 6 6 6 6 6 6 6 6 5 9 9 9 9 
6 6 6 6 6 6 6 6 6 6 6 6 6 6 6 6 6 6 6 5 6 6 6 6 
0 0 0 0 0 0 5 9 9 9 9 9 9 9 9 9 9 5 0 0 0 0 0 0 
1 1 1 1 1 1 1 5 9 9 9 9 9 9 9 9 9 9 5 1 1 1 1 1 
1 1 1 1 1 1 1 1 5 9 9 9 9 9 9 9 9 9 9 5 1 1 1 1 
0 0 0 0 0 0 0 5 6 6 6 6 6 6 6 6 6 6 5 0 0 0 0 0 
6 6 6 6 6 6 6 6 6 6 6 6 6 6 6 6 6 6 6 5 6 6 6 6 
5 5 5 5 5 5 6 6 6 6 6 6 6 6 6 6 6 6 5 5 5 5 5 5 
5 5 5 5 5 5 5 5 5 9 9 9 9 9 9 9 9 9 9 5 5 5 5 5 
6 6 6 6 6 6 6 6 6 6 6 6 6 6 6 6 6 6 6 5 6 6 6 6 
6 6 6 6 6 6 6 6 6 6 6 6 6 6 6 6 6 5 6 6 6 6 6 6 
5 5 5 5 5 5 5 5 6 6 6 6 6 6 6 6 6 6 5 5 5 5 5 5 
9 9 9 9 9 9 9 6 6 6 6 6 6 6 6 6 5 9 9 9 9 9 9 9 
9 9 9 9 9 9 9 6 6 6 6 6 6 6 6 6 6 5 9 9 9 9 9 9 
5 5 5 5 5 5 5 5 6 6 6 6 6 6 6 6 6 6 5 5 5 5 5 5 
1 1 1 1 1 1 1 1 6 6 6 6 6 6 6 6 6 5 1 1 1 1 1 1 
0 0 0 0 0 0 5 6 6 6 6 6 6 6 6 6 5 0 0 0 0 0 0 0 
0 0 0 0 0 0 5 6 6 6 6 6 6 6 6 6 6 6 6 5 0 0 0 0 
9 9 9 9 9 9 9 9 9 9 9 9 9 9 9 9 9 5 9 9 9 9 9 9 
1 1 1 1 1 1 1 6 6 6 6 6 6 6 6 6 6 6 5 1 1 1 1 1 
1 1 1 1 1 1 1 1 1 5 9 9 9 9 9 9 9 9 9 5 1 1 1 1 
6 6 6 6 6 6 6 9 9 9 9 9 9 9 9 9 9 9 5 6 6 6 6 6 
6 6 6 6 6 6 6 6 6 6 6 6 6 6 6 6 5 6 6 6 6 6 6 6 
5 5 5 5 5 5 5 6 6 6 6 6 6 6 6 6 5 5 5 5 5 5 5 5 
6 6 6 6 6 6 6 6 9 9 9 9 9 9 9 9 9 9 5 6 6 6 6 6 
1 1 1 1 1 1 1 6 6 6 6 6 6 6 6 6 5 1 1 1 1 1 1 1 
5 5 5 5 5 5 5 5 5 6 6 6 6 6 6 6 5 5 5 5 5 5 5 5 
5 5 5 5 5 5 5 5 5 9 9 9 9 9 9 9 9 9 5 5 5 5 5 5 
6 6 6 6 6 6 6 6 6 6 6 6 6 6 6 6 6 6 6 5 6 6 6 6 
0 0 0 0 0 0 0 0 5 6 6 6 6 6 6 6 6 6 5 0 0 0 0 0 
5 5 5 5 5 5 5 6 6 6 6 6 6 6 6 6 6 5 5 5 5 5 5 5 
9 9 9 9 9 9 6 6 6 6 6 6 6 6 6 6 5 9 9 9 9 9 9 9 
5 5 5 5 5 5 5 5 5 9 9 9 9 9 9 9 9 9 5 5 5 5 5 5 
9 9 9 9 9 9 6 6 6 6 6 6 6 6 6 6 5 9 9 9 9 9 9 9 
6 6 6 6 6 6 6 6 6 6 6 6 6 6 6 6 6 6 5 6 6 6 6 6 
6 6 6 6 6 6 9 9 9 9 9 9 9 9 9 9 9 9 5 6 6 6 6 6 
6 6 6 6 6 6 6 6 6 9 9 9 9 9 9 9 5 6 6 6 6 6 6 6 
6 6 6 6 6 6 6 6 6 6 6 6 6 6 6 6 5 6 6 6 6 6 6 6 
6 6 6 6 6 6 6 6 6 6 6 6 6 6 6 6 6 6 5 6 6 6 6 6 
6 6 6 6 6 6 6 6 6 6 6 6 6 6 6 6 6 6 6 5 6 6 6 6 
5 5 5 5 5 5 5 5 5 6 6 6 6 6 6 6 6 6 5 5 5 5 5 5 
9 9 9 9 9 9 9 9 6 6 6 6 6 6 6 6 6 6 5 9 9 9 9 9 
5 5 5 5 5 5 5 6 6 6 6 6 6 6 6 6 6 6 6 5 5 5 5 5 
9 9 9 9 9 9 9 9 9 6 6 6 6 6 6 6 6 6 6 5 9 9 9 9 
9 9 9 9 9 9 9 6 6 6 6 6 6 6 6 6 6 6 5 9 9 9 9 9 
9 9 9 9 9 9 9 9 9 9 9 9 9 9 9 9 5 9 9 9 9 9 9 9 
6 6 6 6 6 6 6 6 6 9 9 9 9 9 9 9 9 9 5 6 6 6 6 6 
6 6 6 6 6 6 9 9 9 9 9 9 9 9 9 9 9 9 9 5 6 6 6 6 
0 0 0 0 0 0 5 6 6 6 6 6 6 6 6 6 6 5 0 0 0 0 0 0 
9 9 9 9 9 9 9 9 6 6 6 6 6 6 6 6 6 6 5 9 9 9 9 9 
0 0 0 0 0 0 5 9 9 9 9 9 9 9 9 9 5 0 0 0 0 0 0 0 
9 9 9 9 9 9 9 9 9 9 9 9 9 9 9 9 9 5 9 9 9 9 9 9 
1 1 1 1 1 1 1 6 6 6 6 6 6 6 6 6 6 6 5 1 1 1 1 1 
6 6 6 6 6 6 6 6 6 6 6 6 6 6 6 6 6 6 5 6 6 6 6 6 
6 6 6 6 6 6 6 6 6 6 6 6 6 6 6 6 6 6 5 6 6 6 6 6 
6 6 6 6 6 6 6 6 6 6 6 6 6 6 6 6 5 6 6 6 6 6 6 6 
6 6 6 6 6 6 6 6 6 6 6 6 6 6 6 6 5 6 6 6 6 6 6 6 
6 6 6 6 6 6 6 6 9 9 9 9 9 9 9 9 9 5 6 6 6 6 6 6 
9 9 9 9 9 9 9 6 6 6 6 6 6 6 6 6 5 9 9 9 9 9 9 9 
1 1 1 1 1 1 1 6 6 6 6 6 6 6 6 6 6 6 5 1 1 1 1 1 
9 9 9 9 9 9 9 9 6 6 6 6 6 6 6 6 6 6 6 5 9 9 9 9 
9 9 9 9 9 9 9 9 9 6 6 6 6 6 6 6 6 6 6 5 9 9 9 9 
9 9 9 9 9 9 9 9 9 9 9 9 9 9 9 9 5 9 9 9 9 9 9 9 
0 0 0 0 0 0 0 0 0 5 9 9 9 9 9 9 5 0 0 0 0 0 0 0 
0 0 0 0 0 0 0 0 5 6 6 6 6 6 6 6 6 5 0 0 0 0 0 0 
9 9 9 9 9 9 9 9 6 6 6 6 6 6 6 6 6 6 5 9 9 9 9 9 
1 1 1 1 1 1 5 9 9 9 9 9 9 9 9 9 9 9 9 5 1 1 1 1 
5 5 5 5 5 5 9 9 9 9 9 9 9 9 9 9 5 5 5 5 5 5 5 5 
6 6 6 6 6 6 6 6 9 9 9 9 9 9 9 9 9 9 5 6 6 6 6 6 
9 9 9 9 9 9 9 9 9 9 9 9 9 9 9 9 9 9 5 9 9 9 9 9 
9 9 9 9 9 9 9 9 6 6 6 6 6 6 6 6 6 6 5 9 9 9 9 9 
6 6 6 6 6 6 6 6 6 6 6 6 6 6 6 6 6 5 6 6 6 6 6 6 
5 5 5 5 5 5 5 9 9 9 9 9 9 9 9 9 9 9 9 5 5 5 5 5 
9 9 9 9 9 9 9 9 9 9 9 9 9 9 9 9 9 5 9 9 9 9 9 9 
0 0 0 0 0 0 0 0 0 5 9 9 9 9 9 9 9 9 5 0 0 0 0 0 
1 1 1 1 1 1 1 1 5 9 9 9 9 9 9 9 9 9 5 1 1 1 1 1 
6 6 6 6 6 6 6 6 6 6 6 6 6 6 6 6 6 6 5 6 6 6 6 6 
0 0 0 0 0 0 5 6 6 6 6 6 6 6 6 6 5 0 0 0 0 0 0 0 
9 9 9 9 9 9 9 9 9 9 9 9 9 9 9 9 5 9 9 9 9 9 9 9 
6 6 6 6 6 6 9 9 9 9 9 9 9 9 9 9 9 9 9 5 6 6 6 6 
6 6 6 6 6 6 6 6 6 6 6 6 6 6 6 6 6 6 5 6 6 6 6 6 
6 6 6 6 6 6 6 9 9 9 9 9 9 9 9 9 9 9 9 5 6 6 6 6 
1 1 1 1 1 1 1 6 6 6 6 6 6 6 6 6 5 1 1 1 1 1 1 1 
9 9 9 9 9 9 9 9 6 6 6 6 6 6 6 6 5 9 9 9 9 9 9 9 
6 6 6 6 6 6 6 9 9 9 9 9 9 9 9 9 9 9 9 5 6 6 6 6 
9 9 9 9 9 9 6 6 6 6 6 6 6 6 6 6 5 9 9 9 9 9 9 9 
0 0 0 0 0 0 0 0 0 5 9 9 9 9 9 9 5 0 0 0 0 0 0 0 
9 9 9 9 9 9 6 6 6 6 6 6 6 6 6 6 5 9 9 9 9 9 9 9 
5 5 5 5 5 5 5 5 6 6 6 6 6 6 6 6 6 6 6 5 5 5 5 5 
9 9 9 9 9 9 9 9 9 6 6 6 6 6 6 6 6 6 6 5 9 9 9 9 
5 5 5 5 5 5 9 9 9 9 9 9 9 9 9 9 9 5 5 5 5 5 5 5 
6 6 6 6 6 6 6 6 6 6 6 6 6 6 6 6 6 6 6 5 6 6 6 6 
6 6 6 6 6 6 6 6 6 6 6 6 6 6 6 6 6 5 6 6 6 6 6 6 
1 1 1 1 1 1 1 1 6 6 6 6 6 6 6 6 6 6 5 1 1 1 1 1 
9 9 9 9 9 9 6 6 6 6 6 6 6 6 6 6 5 9 9 9 9 9 9 9 
5 5 5 5 5 5 5 5 5 9 9 9 9 9 9 9 9 9 5 5 5 5 5 5 
0 0 0 0 0 0 0 0 0 5 9 9 9 9 9 9 9 5 0 0 0 0 0 0 
6 6 6 6 6 6 6 6 6 6 6 6 6 6 6 6 6 5 6 6 6 6 6 6 
5 5 5 5 5 5 5 9 9 9 9 9 9 9 9 9 9 9 5 5 5 5 5 5 
0 0 0 0 0 0 0 5 6 6 6 6 6 6 6 6 6 6 5 0 0 0 0 0 
1 1 1 1 1 1 1 1 6 6 6 6 6 6 6 6 6 5 1 1 1 1 1 1 
9 9 9 9 9 9 6 6 6 6 6 6 6 6 6 6 6 6 5 9 9 9 9 9 
0 0 0 0 0 0 0 0 0 5 9 9 9 9 9 9 9 9 9 5 0 0 0 0 
0 0 0 0 0 0 5 6 6 6 6 6 6 6 6 6 6 5 0 0 0 0 0 0 
9 9 9 9 9 9 9 9 9 9 9 9 9 9 9 9 5 9 9 9 9 9 9 9 
0 0 0 0 0 0 0 5 6 6 6 6 6 6 6 6 6 6 5 0 0 0 0 0 
6 6 6 6 6 6 6 6 6 6 6 6 6 6 6 6 6 6 5 6 6 6 6 6 
9 9 9 9 9 9 9 6 6 6 6 6 6 6 6 6 6 6 5 9 9 9 9 9 
1 1 1 1 1 1 1 1 1 5 9 9 9 9 9 9 9 9 5 1 1 1 1 1 
9 9 9 9 9 9 9 9 9 6 6 6 6 6 6 6 6 5 9 9 9 9 9 9 
6 6 6 6 6 6 6 6 6 6 6 6 6 6 6 6 6 6 5 6 6 6 6 6 
9 9 9 9 9 9 6 6 6 6 6 6 6 6 6 6 6 6 6 5 9 9 9 9 
6 6 6 6 6 6 6 9 9 9 9 9 9 9 9 9 9 5 6 6 6 6 6 6 
6 6 6 6 6 6 6 9 9 9 9 9 9 9 9 9 9 5 6 6 6 6 6 6 
6 6 6 6 6 6 6 6 6 6 6 6 6 6 6 6 6 5 6 6 6 6 6 6 
9 9 9 9 9 9 9 9 9 9 9 9 9 9 9 9 9 5 9 9 9 9 9 9 
9 9 9 9 9 9 9 6 6 6 6 6 6 6 6 6 5 9 9 9 9 9 9 9 
6 6 6 6 6 6 6 6 6 6 6 6 6 6 6 6 6 6 5 6 6 6 6 6 
6 6 6 6 6 6 9 9 9 9 9 9 9 9 9 9 5 6 6 6 6 6 6 6 
0 0 0 0 0 0 0 0 0 5 6 6 6 6 6 6 6 6 5 0 0 0 0 0 
0 0 0 0 0 0 0 5 9 9 9 9 9 9 9 9 9 9 9 5 0 0 0 0 
1 1 1 1 1 1 1 6 6 6 6 6 6 6 6 6 6 6 5 1 1 1 1 1 
5 5 5 5 5 5 9 9 9 9 9 9 9 9 9 9 5 5 5 5 5 5 5 5 
6 6 6 6 6 6 9 9 9 9 9 9 9 9 9 9 9 5 6 6 6 6 6 6 
5 5 5 5 5 5 5 5 9 9 9 9 9 9 9 9 5 5 5 5 5 5 5 5 
6 6 6 6 6 6 6 9 9 9 9 9 9 9 9 9 9 5 6 6 6 6 6 6 
5 5 5 5 5 5 5 5 5 9 9 9 9 9 9 9 9 5 5 5 5 5 5 5 
6 6 6 6 6 6 9 9 9 9 9 9 9 9 9 9 9 5 6 6 6 6 6 6 
6 6 6 6 6 6 6 6 6 6 6 6 6 6 6 6 6 6 5 6 6 6 6 6 
5 5 5 5 5 5 5 5 6 6 6 6 6 6 6 6 6 5 5 5 5 5 5 5 
0 0 0 0 0 0 0 0 0 5 9 9 9 9 9 9 9 5 0 0 0 0 0 0 
